"","Year","ZoneTotalBurned_ha","ZoneTotalBurned_pct","ZoneTotalBurned_ha_cum","ZoneTotalBurned_pct_cum","WholeFire_ha","nTotalFires","wildfire_ha","wildfire_pct","wildfire_ha_cum","wildfire_pct_cum","wildfire_IgDate","Wholewildfire_ha","nWildfires","Rxfire_ha","Rxfire_pct","Rxfire_ha_cum","Rxfire_pct_cum","Rxfire_IgDate","WholeRxfire_ha","nRxfires","WLFU_ha","WLFU_pct","WLFU_ha_cum","WLFU_pct_cum","WLFU_IgDate","WholeWLFU_ha","nWLFUfires","unknown_fire_ha","unknown_fire_pct","unknown_fire_ha_cum","unknown_fire_pct_cum","unknown_fire_IgDate","Wholeunknown_fire_ha","nUnknownfires"
"1",1984,0,0,0,0,0,0,0,0,0,0,"0",0,0,0,0,0,0,"0",0,0,NA,NA,NA,NA,NA,NA,NA,0,0,0,0,"0",0,0
"2",1985,0,0,0,0,0,0,0,0,0,0,"0",0,0,0,0,0,0,"0",0,0,NA,NA,NA,NA,NA,NA,NA,0,0,0,0,"0",0,0
"3",1986,0,0,0,0,0,0,0,0,0,0,"0",0,0,0,0,0,0,"0",0,0,NA,NA,NA,NA,NA,NA,NA,0,0,0,0,"0",0,0
"4",1987,0,0,0,0,0,0,0,0,0,0,"0",0,0,0,0,0,0,"0",0,0,NA,NA,NA,NA,NA,NA,NA,0,0,0,0,"0",0,0
"5",1988,0,0,0,0,0,0,0,0,0,0,"0",0,0,0,0,0,0,"0",0,0,NA,NA,NA,NA,NA,NA,NA,0,0,0,0,"0",0,0
"6",1989,0,0,0,0,0,0,0,0,0,0,"0",0,0,0,0,0,0,"0",0,0,NA,NA,NA,NA,NA,NA,NA,0,0,0,0,"0",0,0
"7",1990,0,0,0,0,0,0,0,0,0,0,"0",0,0,0,0,0,0,"0",0,0,NA,NA,NA,NA,NA,NA,NA,0,0,0,0,"0",0,0
"8",1991,0,0,0,0,0,0,0,0,0,0,"0",0,0,0,0,0,0,"0",0,0,NA,NA,NA,NA,NA,NA,NA,0,0,0,0,"0",0,0
"9",1992,20.0503758597271,0.0223388753494272,20.0503758597271,0.0223388753494272,999.57442,1,0,0,0,0,"0",0,0,0,0,0,0,"0",0,0,NA,NA,NA,NA,NA,NA,NA,20.0503758597271,0.0223388753494272,20.0503758597271,0.0223388753494272,"1992/10/03",999.57442,1
"10",1993,419.396877338748,0.467265782464829,439.447253198475,0.489604657814256,3121.747804,1,0,0,0,0,"0",0,0,0,0,0,0,"0",0,0,NA,NA,NA,NA,NA,NA,NA,419.396877338748,0.467265782464829,439.447253198475,0.489604657814256,"1993/09/27",3121.747804,1
"11",1994,431.467033002225,0.480713595348785,870.9142862007,0.970318253163042,3353.632882,1,431.467033002225,0.480713595348785,431.467033002225,0.480713595348785,"1994/12/14",3353.632882,1,0,0,0,0,"0",0,0,NA,NA,NA,NA,NA,NA,NA,0,0,439.447253198475,0.489604657814256,"0",0,0
"12",1995,0,0,870.9142862007,0.970318253163042,0,0,0,0,431.467033002225,0.480713595348785,"0",0,0,0,0,0,0,"0",0,0,NA,NA,NA,NA,NA,NA,NA,0,0,439.447253198475,0.489604657814256,"0",0,0
"13",1996,6.93737736273938,0.00772919217287343,877.85166356344,0.978047445335915,2289.308702,1,6.93737736273938,0.00772919217287343,438.404410364965,0.488442787521659,"1996/01/24",2289.308702,1,0,0,0,0,"0",0,0,NA,NA,NA,NA,NA,NA,NA,0,0,439.447253198475,0.489604657814256,"0",0,0
"14",1997,661.163817040427,0.736627392810313,1539.01548060387,1.71467483814623,1608.222164,1,661.163817040427,0.736627392810313,1099.56822740539,1.22507018033197,"1997/07/24",1608.222164,1,0,0,0,0,"0",0,0,NA,NA,NA,NA,NA,NA,NA,0,0,439.447253198475,0.489604657814256,"0",0,0
"15",1998,0,0,1539.01548060387,1.71467483814623,0,0,0,0,1099.56822740539,1.22507018033197,"0",0,0,0,0,0,0,"0",0,0,NA,NA,NA,NA,NA,NA,NA,0,0,439.447253198475,0.489604657814256,"0",0,0
"16",1999,0,0,1539.01548060387,1.71467483814623,0,0,0,0,1099.56822740539,1.22507018033197,"0",0,0,0,0,0,0,"0",0,0,NA,NA,NA,NA,NA,NA,NA,0,0,439.447253198475,0.489604657814256,"0",0,0
"17",2000,0,0,1539.01548060387,1.71467483814623,0,0,0,0,1099.56822740539,1.22507018033197,"0",0,0,0,0,0,0,"0",0,0,NA,NA,NA,NA,NA,NA,NA,0,0,439.447253198475,0.489604657814256,"0",0,0
"18",2001,0,0,1539.01548060387,1.71467483814623,0,0,0,0,1099.56822740539,1.22507018033197,"0",0,0,0,0,0,0,"0",0,0,NA,NA,NA,NA,NA,NA,NA,0,0,439.447253198475,0.489604657814256,"0",0,0
"19",2002,0,0,1539.01548060387,1.71467483814623,0,0,0,0,1099.56822740539,1.22507018033197,"0",0,0,0,0,0,0,"0",0,0,NA,NA,NA,NA,NA,NA,NA,0,0,439.447253198475,0.489604657814256,"0",0,0
"20",2003,890.568349547102,0.992215581885287,2429.58383015097,2.70689042003151,1715.463954,1,890.568349547102,0.992215581885287,1990.13657695249,2.21728576221726,"2003/11/28",1715.463954,1,0,0,0,0,"0",0,0,NA,NA,NA,NA,NA,NA,NA,0,0,439.447253198475,0.489604657814256,"0",0,0
"21",2004,0,0,2429.58383015097,2.70689042003151,0,0,0,0,1990.13657695249,2.21728576221726,"0",0,0,0,0,0,0,"0",0,0,NA,NA,NA,NA,NA,NA,NA,0,0,439.447253198475,0.489604657814256,"0",0,0
"22",2005,822.502702318051,0.916381092813093,3252.08653246902,3.62327151284461,1712.631152,1,822.502702318051,0.916381092813093,2812.63927927054,3.13366685503035,"2005/08/01",1712.631152,1,0,0,0,0,"0",0,0,NA,NA,NA,NA,NA,NA,NA,0,0,439.447253198475,0.489604657814256,"0",0,0
"23",2006,0,0,3252.08653246902,3.62327151284461,0,0,0,0,2812.63927927054,3.13366685503035,"0",0,0,0,0,0,0,"0",0,0,NA,NA,NA,NA,NA,NA,NA,0,0,439.447253198475,0.489604657814256,"0",0,0
"24",2007,867.384644739955,0.96638574730024,4119.47117720897,4.58965726014485,6871.972966,1,0,0,2812.63927927054,3.13366685503035,"0",0,0,867.384644739955,0.96638574730024,867.384644739955,0.96638574730024,"2007/10/24",6871.972966,1,NA,NA,NA,NA,NA,NA,NA,0,0,439.447253198475,0.489604657814256,"0",0,0
"25",2008,0,0,4119.47117720897,4.58965726014485,0,0,0,0,2812.63927927054,3.13366685503035,"0",0,0,0,0,867.384644739955,0.96638574730024,"0",0,0,NA,NA,NA,NA,NA,NA,NA,0,0,439.447253198475,0.489604657814256,"0",0,0
"26",2009,319.603950898614,0.356082742301558,4439.07512810759,4.9457400024464,481.981026,1,319.603950898614,0.356082742301558,3132.24323016916,3.48974959733191,"2009/08/21",481.981026,1,0,0,867.384644739955,0.96638574730024,"0",0,0,NA,NA,NA,NA,NA,NA,NA,0,0,439.447253198475,0.489604657814256,"0",0,0
"27",2010,567.454562643554,0.632222399721669,5006.52969075114,5.57796240216807,1334.249742,1,0,0,3132.24323016916,3.48974959733191,"0",0,0,567.454562643554,0.632222399721669,1434.83920738351,1.59860814702191,"2010/03/12",1334.249742,1,NA,NA,NA,NA,NA,NA,NA,0,0,439.447253198475,0.489604657814256,"0",0,0
"28",2011,0,0,5006.52969075114,5.57796240216807,0,0,0,0,3132.24323016916,3.48974959733191,"0",0,0,0,0,1434.83920738351,1.59860814702191,"0",0,0,NA,NA,NA,NA,NA,NA,NA,0,0,439.447253198475,0.489604657814256,"0",0,0
"29",2012,0,0,5006.52969075114,5.57796240216807,0,0,0,0,3132.24323016916,3.48974959733191,"0",0,0,0,0,1434.83920738351,1.59860814702191,"0",0,0,NA,NA,NA,NA,NA,NA,NA,0,0,439.447253198475,0.489604657814256,"0",0,0
"30",2013,883.05269604276,0.983842110585918,5889.5823867939,6.56180451275399,1740.959172,1,883.05269604276,0.983842110585918,4015.29592621192,4.47359170791783,"2013/10/24",1740.959172,1,0,0,1434.83920738351,1.59860814702191,"0",0,0,NA,NA,NA,NA,NA,NA,NA,0,0,439.447253198475,0.489604657814256,"0",0,0
"31",2014,0,0,5889.5823867939,6.56180451275399,0,0,0,0,4015.29592621192,4.47359170791783,"0",0,0,0,0,1434.83920738351,1.59860814702191,"0",0,0,NA,NA,NA,NA,NA,NA,NA,0,0,439.447253198475,0.489604657814256,"0",0,0
"32",2015,886.741090497491,0.9879514891103,6776.32347729139,7.54975600186429,4557.978418,2,886.741090497491,0.9879514891103,4902.03701670941,5.46154319702813,"2015/02/13",4557.978418,2,0,0,1434.83920738351,1.59860814702191,"0",0,0,NA,NA,NA,NA,NA,NA,NA,0,0,439.447253198475,0.489604657814256,"0",0,0
