"","Year","ZoneTotalBurned_ha","ZoneTotalBurned_pct","ZoneTotalBurned_ha_cum","ZoneTotalBurned_pct_cum","WholeFire_ha","nTotalFires","wildfire_ha","wildfire_pct","wildfire_ha_cum","wildfire_pct_cum","wildfire_IgDate","Wholewildfire_ha","nWildfires","Rxfire_ha","Rxfire_pct","Rxfire_ha_cum","Rxfire_pct_cum","Rxfire_IgDate","WholeRxfire_ha","nRxfires","WLFU_ha","WLFU_pct","WLFU_ha_cum","WLFU_pct_cum","WLFU_IgDate","WholeWLFU_ha","nWLFUfires","unknown_fire_ha","unknown_fire_pct","unknown_fire_ha_cum","unknown_fire_pct_cum","unknown_fire_IgDate","Wholeunknown_fire_ha","nUnknownfires"
"1",1984,0,0,0,0,0,0,0,0,0,0,"0",0,0,0,0,0,0,"0",0,0,NA,NA,NA,NA,NA,NA,NA,0,0,0,0,"0",0,0
"2",1985,0,0,0,0,0,0,0,0,0,0,"0",0,0,0,0,0,0,"0",0,0,NA,NA,NA,NA,NA,NA,NA,0,0,0,0,"0",0,0
"3",1986,0,0,0,0,0,0,0,0,0,0,"0",0,0,0,0,0,0,"0",0,0,NA,NA,NA,NA,NA,NA,NA,0,0,0,0,"0",0,0
"4",1987,0,0,0,0,0,0,0,0,0,0,"0",0,0,0,0,0,0,"0",0,0,NA,NA,NA,NA,NA,NA,NA,0,0,0,0,"0",0,0
"5",1988,0,0,0,0,0,0,0,0,0,0,"0",0,0,0,0,0,0,"0",0,0,NA,NA,NA,NA,NA,NA,NA,0,0,0,0,"0",0,0
"6",1989,0,0,0,0,0,0,0,0,0,0,"0",0,0,0,0,0,0,"0",0,0,NA,NA,NA,NA,NA,NA,NA,0,0,0,0,"0",0,0
"7",1990,195.861780621201,0.0295456784056058,195.861780621201,0.0295456784056058,1550.352066,1,195.861780621201,0.0295456784056058,195.861780621201,0.0295456784056058,"1990/10/23",1550.352066,1,0,0,0,0,"0",0,0,NA,NA,NA,NA,NA,NA,NA,0,0,0,0,"0",0,0
"8",1991,0,0,195.861780621201,0.0295456784056058,0,0,0,0,195.861780621201,0.0295456784056058,"0",0,0,0,0,0,0,"0",0,0,NA,NA,NA,NA,NA,NA,NA,0,0,0,0,"0",0,0
"9",1992,0,0,195.861780621201,0.0295456784056058,0,0,0,0,195.861780621201,0.0295456784056058,"0",0,0,0,0,0,0,"0",0,0,NA,NA,NA,NA,NA,NA,NA,0,0,0,0,"0",0,0
"10",1993,0,0,195.861780621201,0.0295456784056058,0,0,0,0,195.861780621201,0.0295456784056058,"0",0,0,0,0,0,0,"0",0,0,NA,NA,NA,NA,NA,NA,NA,0,0,0,0,"0",0,0
"11",1994,74.3899196064061,0.0112216923298605,270.251700227607,0.0407673707354663,1324.537278,1,0,0,195.861780621201,0.0295456784056058,"0",0,0,0,0,0,0,"0",0,0,NA,NA,NA,NA,NA,NA,NA,74.3899196064061,0.0112216923298605,74.3899196064061,0.0112216923298605,"1994/11/26",1324.537278,1
"12",1995,0,0,270.251700227607,0.0407673707354663,0,0,0,0,195.861780621201,0.0295456784056058,"0",0,0,0,0,0,0,"0",0,0,NA,NA,NA,NA,NA,NA,NA,0,0,74.3899196064061,0.0112216923298605,"0",0,0
"13",1996,0,0,270.251700227607,0.0407673707354663,0,0,0,0,195.861780621201,0.0295456784056058,"0",0,0,0,0,0,0,"0",0,0,NA,NA,NA,NA,NA,NA,NA,0,0,74.3899196064061,0.0112216923298605,"0",0,0
"14",1997,407.096459198513,0.061410352879423,677.34815942612,0.102177723614889,6290.84387,3,47.9010812168493,0.00722586068821147,243.76286183805,0.0367715390938173,"1997/10/20",3479.085542,1,0,0,0,0,"0",0,0,NA,NA,NA,NA,NA,NA,NA,359.195377981663,0.0541844921912116,433.585297588069,0.0654061845210721,"1997/10/17",2811.758328,2
"15",1998,0,0,677.34815942612,0.102177723614889,0,0,0,0,243.76286183805,0.0367715390938173,"0",0,0,0,0,0,0,"0",0,0,NA,NA,NA,NA,NA,NA,NA,0,0,433.585297588069,0.0654061845210721,"0",0,0
"16",1999,0,0,677.34815942612,0.102177723614889,0,0,0,0,243.76286183805,0.0367715390938173,"0",0,0,0,0,0,0,"0",0,0,NA,NA,NA,NA,NA,NA,NA,0,0,433.585297588069,0.0654061845210721,"0",0,0
"17",2000,0,0,677.34815942612,0.102177723614889,0,0,0,0,243.76286183805,0.0367715390938173,"0",0,0,0,0,0,0,"0",0,0,NA,NA,NA,NA,NA,NA,NA,0,0,433.585297588069,0.0654061845210721,"0",0,0
"18",2001,0,0,677.34815942612,0.102177723614889,0,0,0,0,243.76286183805,0.0367715390938173,"0",0,0,0,0,0,0,"0",0,0,NA,NA,NA,NA,NA,NA,NA,0,0,433.585297588069,0.0654061845210721,"0",0,0
"19",2002,0,0,677.34815942612,0.102177723614889,0,0,0,0,243.76286183805,0.0367715390938173,"0",0,0,0,0,0,0,"0",0,0,NA,NA,NA,NA,NA,NA,NA,0,0,433.585297588069,0.0654061845210721,"0",0,0
"20",2003,2390.43062610708,0.360595590961485,3067.7787855332,0.462773314576375,8426.371892,4,948.927183979227,0.143145320742339,1192.69004581728,0.179916859836156,"2003/08/19",5435.742352,2,0,0,0,0,"0",0,0,NA,NA,NA,NA,NA,NA,NA,1441.50344212785,0.217450270219146,1875.08873971592,0.282856454740218,"2003/01/19",2990.62954,2
"21",2004,88.0373596285483,0.0132804036959837,3155.81614516175,0.476053718272358,1012.119686,1,0,0,1192.69004581728,0.179916859836156,"0",0,0,88.0373596285483,0.0132804036959837,88.0373596285483,0.0132804036959837,"2004/11/08",1012.119686,1,NA,NA,NA,NA,NA,NA,NA,0,0,1875.08873971592,0.282856454740218,"0",0,0
"22",2005,34.4744064496401,0.00520045168054067,3190.29055161139,0.481254169952899,1432.58844,1,34.4744064496401,0.00520045168054067,1227.16445226692,0.185117311516697,"2005/09/03",1432.58844,1,0,0,88.0373596285483,0.0132804036959837,"0",0,0,NA,NA,NA,NA,NA,NA,NA,0,0,1875.08873971592,0.282856454740218,"0",0,0
"23",2006,146.296779965225,0.0220688160748822,3336.58733157661,0.503322986027781,2180.448168,1,0,0,1227.16445226692,0.185117311516697,"0",0,0,146.296779965225,0.0220688160748822,234.334139593773,0.035349219770866,"2006/12/01",2180.448168,1,NA,NA,NA,NA,NA,NA,NA,0,0,1875.08873971592,0.282856454740218,"0",0,0
"24",2007,0,0,3336.58733157661,0.503322986027781,0,0,0,0,1227.16445226692,0.185117311516697,"0",0,0,0,0,234.334139593773,0.035349219770866,"0",0,0,NA,NA,NA,NA,NA,NA,NA,0,0,1875.08873971592,0.282856454740218,"0",0,0
"25",2008,0,0,3336.58733157661,0.503322986027781,0,0,0,0,1227.16445226692,0.185117311516697,"0",0,0,0,0,234.334139593773,0.035349219770866,"0",0,0,NA,NA,NA,NA,NA,NA,NA,0,0,1875.08873971592,0.282856454740218,"0",0,0
"26",2009,0,0,3336.58733157661,0.503322986027781,0,0,0,0,1227.16445226692,0.185117311516697,"0",0,0,0,0,234.334139593773,0.035349219770866,"0",0,0,NA,NA,NA,NA,NA,NA,NA,0,0,1875.08873971592,0.282856454740218,"0",0,0
"27",2010,620.720259276026,0.0936354254630348,3957.30759085264,0.596958411490816,2273.930634,1,0,0,1227.16445226692,0.185117311516697,"0",0,0,620.720259276026,0.0936354254630348,855.054398869799,0.128984645233901,"2010/01/08",2273.930634,1,NA,NA,NA,NA,NA,NA,NA,0,0,1875.08873971592,0.282856454740218,"0",0,0
"28",2011,0,0,3957.30759085264,0.596958411490816,0,0,0,0,1227.16445226692,0.185117311516697,"0",0,0,0,0,855.054398869799,0.128984645233901,"0",0,0,NA,NA,NA,NA,NA,NA,NA,0,0,1875.08873971592,0.282856454740218,"0",0,0
"29",2012,75.2082924778474,0.0113451435800165,4032.51588333048,0.608303555070833,955.05896,1,0,0,1227.16445226692,0.185117311516697,"0",0,0,0,0,855.054398869799,0.128984645233901,"0",0,0,NA,NA,NA,NA,NA,NA,NA,75.2082924778474,0.0113451435800165,1950.29703219377,0.294201598320235,"2012/09/16",955.05896,1
"30",2013,0,0,4032.51588333048,0.608303555070833,0,0,0,0,1227.16445226692,0.185117311516697,"0",0,0,0,0,855.054398869799,0.128984645233901,"0",0,0,NA,NA,NA,NA,NA,NA,NA,0,0,1950.29703219377,0.294201598320235,"0",0,0
"31",2014,1080.70785861172,0.163024387604779,5113.2237419422,0.771327942675611,1925.091302,2,1080.70785861172,0.163024387604779,2307.87231087864,0.348141699121476,"2014/06/13",1925.091302,2,0,0,855.054398869799,0.128984645233901,"0",0,0,NA,NA,NA,NA,NA,NA,NA,0,0,1950.29703219377,0.294201598320235,"0",0,0
"32",2015,0,0,5113.2237419422,0.771327942675611,0,0,0,0,2307.87231087864,0.348141699121476,"0",0,0,0,0,855.054398869799,0.128984645233901,"0",0,0,NA,NA,NA,NA,NA,NA,NA,0,0,1950.29703219377,0.294201598320235,"0",0,0
