"","Year","ZoneTotalBurned_ha","ZoneTotalBurned_pct","ZoneTotalBurned_ha_cum","ZoneTotalBurned_pct_cum","WholeFire_ha","nTotalFires","wildfire_ha","wildfire_pct","wildfire_ha_cum","wildfire_pct_cum","wildfire_IgDate","Wholewildfire_ha","nWildfires","Rxfire_ha","Rxfire_pct","Rxfire_ha_cum","Rxfire_pct_cum","Rxfire_IgDate","WholeRxfire_ha","nRxfires","WLFU_ha","WLFU_pct","WLFU_ha_cum","WLFU_pct_cum","WLFU_IgDate","WholeWLFU_ha","nWLFUfires","unknown_fire_ha","unknown_fire_pct","unknown_fire_ha_cum","unknown_fire_pct_cum","unknown_fire_IgDate","Wholeunknown_fire_ha","nUnknownfires"
"1",1984,0,0,0,0,0,0,0,0,0,0,"0",0,0,0,0,0,0,"0",0,0,NA,NA,NA,NA,NA,NA,NA,0,0,0,0,"0",0,0
"2",1985,0,0,0,0,0,0,0,0,0,0,"0",0,0,0,0,0,0,"0",0,0,NA,NA,NA,NA,NA,NA,NA,0,0,0,0,"0",0,0
"3",1986,0,0,0,0,0,0,0,0,0,0,"0",0,0,0,0,0,0,"0",0,0,NA,NA,NA,NA,NA,NA,NA,0,0,0,0,"0",0,0
"4",1987,0,0,0,0,0,0,0,0,0,0,"0",0,0,0,0,0,0,"0",0,0,NA,NA,NA,NA,NA,NA,NA,0,0,0,0,"0",0,0
"5",1988,0,0,0,0,0,0,0,0,0,0,"0",0,0,0,0,0,0,"0",0,0,NA,NA,NA,NA,NA,NA,NA,0,0,0,0,"0",0,0
"6",1989,0,0,0,0,0,0,0,0,0,0,"0",0,0,0,0,0,0,"0",0,0,NA,NA,NA,NA,NA,NA,NA,0,0,0,0,"0",0,0
"7",1990,122.223010832122,0.141159890524479,122.223010832122,0.141159890524479,2820.256734,1,122.223010832122,0.141159890524479,122.223010832122,0.141159890524479,"1990/08/13",2820.256734,1,0,0,0,0,"0",0,0,NA,NA,NA,NA,NA,NA,NA,0,0,0,0,"0",0,0
"8",1991,0,0,122.223010832122,0.141159890524479,0,0,0,0,122.223010832122,0.141159890524479,"0",0,0,0,0,0,0,"0",0,0,NA,NA,NA,NA,NA,NA,NA,0,0,0,0,"0",0,0
"9",1992,0,0,122.223010832122,0.141159890524479,0,0,0,0,122.223010832122,0.141159890524479,"0",0,0,0,0,0,0,"0",0,0,NA,NA,NA,NA,NA,NA,NA,0,0,0,0,"0",0,0
"10",1993,0,0,122.223010832122,0.141159890524479,0,0,0,0,122.223010832122,0.141159890524479,"0",0,0,0,0,0,0,"0",0,0,NA,NA,NA,NA,NA,NA,NA,0,0,0,0,"0",0,0
"11",1994,47.7478662291297,0.0551457824823117,169.970877061251,0.19630567300679,1324.537278,1,0,0,122.223010832122,0.141159890524479,"0",0,0,0,0,0,0,"0",0,0,NA,NA,NA,NA,NA,NA,NA,47.7478662291297,0.0551457824823117,47.7478662291297,0.0551457824823117,"1994/11/26",1324.537278,1
"12",1995,138.690453735188,0.16017875138864,308.66133079644,0.356484424395431,770.117458,1,138.690453735188,0.16017875138864,260.91346456731,0.301338641913119,"1995/09/09",770.117458,1,0,0,0,0,"0",0,0,NA,NA,NA,NA,NA,NA,NA,0,0,47.7478662291297,0.0551457824823117,"0",0,0
"13",1996,0,0,308.66133079644,0.356484424395431,0,0,0,0,260.91346456731,0.301338641913119,"0",0,0,0,0,0,0,"0",0,0,NA,NA,NA,NA,NA,NA,NA,0,0,47.7478662291297,0.0551457824823117,"0",0,0
"14",1997,48.7945723663483,0.0563546622401834,357.455903162788,0.412839086635614,2085.751644,1,0,0,260.91346456731,0.301338641913119,"0",0,0,0,0,0,0,"0",0,0,NA,NA,NA,NA,NA,NA,NA,48.7945723663483,0.0563546622401834,96.542438595478,0.111500444722495,"1997/10/17",2085.751644,1
"15",1998,0,0,357.455903162788,0.412839086635614,0,0,0,0,260.91346456731,0.301338641913119,"0",0,0,0,0,0,0,"0",0,0,NA,NA,NA,NA,NA,NA,NA,0,0,96.542438595478,0.111500444722495,"0",0,0
"16",1999,0,0,357.455903162788,0.412839086635614,0,0,0,0,260.91346456731,0.301338641913119,"0",0,0,0,0,0,0,"0",0,0,NA,NA,NA,NA,NA,NA,NA,0,0,96.542438595478,0.111500444722495,"0",0,0
"17",2000,0,0,357.455903162788,0.412839086635614,0,0,0,0,260.91346456731,0.301338641913119,"0",0,0,0,0,0,0,"0",0,0,NA,NA,NA,NA,NA,NA,NA,0,0,96.542438595478,0.111500444722495,"0",0,0
"18",2001,0,0,357.455903162788,0.412839086635614,0,0,0,0,260.91346456731,0.301338641913119,"0",0,0,0,0,0,0,"0",0,0,NA,NA,NA,NA,NA,NA,NA,0,0,96.542438595478,0.111500444722495,"0",0,0
"19",2002,0,0,357.455903162788,0.412839086635614,0,0,0,0,260.91346456731,0.301338641913119,"0",0,0,0,0,0,0,"0",0,0,NA,NA,NA,NA,NA,NA,NA,0,0,96.542438595478,0.111500444722495,"0",0,0
"20",2003,620.924862473099,0.717129164253859,978.380765635887,1.12996825088947,4928.670794,2,38.7528851176693,0.0447571450210113,299.666349684979,0.34609578693413,"2003/11/28",3721.08777,1,0,0,0,0,"0",0,0,NA,NA,NA,NA,NA,NA,NA,582.171977355429,0.672372019232847,678.714415950908,0.783872463955342,"2003/11/19",1207.583024,1
"21",2004,132.602428385124,0.153147465004232,1110.98319402101,1.2831157158937,940.89495,1,0,0,299.666349684979,0.34609578693413,"0",0,0,132.602428385124,0.153147465004232,132.602428385124,0.153147465004232,"2004/11/05",940.89495,1,NA,NA,NA,NA,NA,NA,NA,0,0,678.714415950908,0.783872463955342,"0",0,0
"22",2005,585.766606386011,0.676523589685731,1696.74980040702,1.95963930557943,3269.458194,2,441.955040740623,0.510430276123521,741.621390425602,0.856526063057651,"2005/09/17",1445.133706,1,143.811565645388,0.166093313562209,276.413994030512,0.319240778566441,"2005/09/17",1824.324488,1,NA,NA,NA,NA,NA,NA,NA,0,0,678.714415950908,0.783872463955342,"0",0,0
"23",2006,47.1408407684494,0.0544447062529517,1743.89064117547,2.01408401183239,2180.448168,1,0,0,741.621390425602,0.856526063057651,"0",0,0,47.1408407684494,0.0544447062529517,323.554834798962,0.373685484819393,"2006/12/01",2180.448168,1,NA,NA,NA,NA,NA,NA,NA,0,0,678.714415950908,0.783872463955342,"0",0,0
"24",2007,0,0,1743.89064117547,2.01408401183239,0,0,0,0,741.621390425602,0.856526063057651,"0",0,0,0,0,323.554834798962,0.373685484819393,"0",0,0,NA,NA,NA,NA,NA,NA,NA,0,0,678.714415950908,0.783872463955342,"0",0,0
"25",2008,322.558868124498,0.372535205949839,2066.44950929997,2.38661921778223,1061.086692,1,0,0,741.621390425602,0.856526063057651,"0",0,0,0,0,323.554834798962,0.373685484819393,"0",0,0,NA,NA,NA,NA,NA,NA,NA,322.558868124498,0.372535205949839,1001.27328407541,1.15640766990518,"2008/07/27",1061.086692,1
"26",2009,42.1411473365403,0.0486703747854212,2108.59065663651,2.43528959256765,798.445478,1,0,0,741.621390425602,0.856526063057651,"0",0,0,42.1411473365403,0.0486703747854212,365.695982135502,0.422355859604814,"2009/01/13",798.445478,1,NA,NA,NA,NA,NA,NA,NA,0,0,1001.27328407541,1.15640766990518,"0",0,0
"27",2010,7.96341025323933,0.00919723799876599,2116.55406688975,2.44448683056641,2273.930634,1,0,0,741.621390425602,0.856526063057651,"0",0,0,7.96341025323933,0.00919723799876599,373.659392388741,0.43155309760358,"2010/01/08",2273.930634,1,NA,NA,NA,NA,NA,NA,NA,0,0,1001.27328407541,1.15640766990518,"0",0,0
"28",2011,66.8878478220367,0.0772512574489391,2183.44191471179,2.52173808801535,541.469868,1,66.8878478220367,0.0772512574489391,808.509238247639,0.93377732050659,"2011/12/17",541.469868,1,0,0,373.659392388741,0.43155309760358,"0",0,0,NA,NA,NA,NA,NA,NA,NA,0,0,1001.27328407541,1.15640766990518,"0",0,0
"29",2012,139.240488126343,0.160814006517044,2322.68240283813,2.6825520945324,745.836298,1,139.240488126343,0.160814006517044,947.749726373982,1.09459132702363,"2012/08/05",745.836298,1,0,0,373.659392388741,0.43155309760358,"0",0,0,NA,NA,NA,NA,NA,NA,NA,0,0,1001.27328407541,1.15640766990518,"0",0,0
"30",2013,0,0,2322.68240283813,2.6825520945324,0,0,0,0,947.749726373982,1.09459132702363,"0",0,0,0,0,373.659392388741,0.43155309760358,"0",0,0,NA,NA,NA,NA,NA,NA,NA,0,0,1001.27328407541,1.15640766990518,"0",0,0
"31",2014,0,0,2322.68240283813,2.6825520945324,0,0,0,0,947.749726373982,1.09459132702363,"0",0,0,0,0,373.659392388741,0.43155309760358,"0",0,0,NA,NA,NA,NA,NA,NA,NA,0,0,1001.27328407541,1.15640766990518,"0",0,0
"32",2015,0,0,2322.68240283813,2.6825520945324,0,0,0,0,947.749726373982,1.09459132702363,"0",0,0,0,0,373.659392388741,0.43155309760358,"0",0,0,NA,NA,NA,NA,NA,NA,NA,0,0,1001.27328407541,1.15640766990518,"0",0,0
