"","Year","ZoneTotalBurned_ha","ZoneTotalBurned_pct","ZoneTotalBurned_ha_cum","ZoneTotalBurned_pct_cum","WholeFire_ha","nTotalFires","wildfire_ha","wildfire_pct","wildfire_ha_cum","wildfire_pct_cum","wildfire_IgDate","Wholewildfire_ha","nWildfires","Rxfire_ha","Rxfire_pct","Rxfire_ha_cum","Rxfire_pct_cum","Rxfire_IgDate","WholeRxfire_ha","nRxfires","WLFU_ha","WLFU_pct","WLFU_ha_cum","WLFU_pct_cum","WLFU_IgDate","WholeWLFU_ha","nWLFUfires","unknown_fire_ha","unknown_fire_pct","unknown_fire_ha_cum","unknown_fire_pct_cum","unknown_fire_IgDate","Wholeunknown_fire_ha","nUnknownfires"
"1",1984,0,0,0,0,0,0,0,0,0,0,"0",0,0,0,0,0,0,"0",0,0,NA,NA,NA,NA,NA,NA,NA,0,0,0,0,"0",0,0
"2",1985,0,0,0,0,0,0,0,0,0,0,"0",0,0,0,0,0,0,"0",0,0,NA,NA,NA,NA,NA,NA,NA,0,0,0,0,"0",0,0
"3",1986,0,0,0,0,0,0,0,0,0,0,"0",0,0,0,0,0,0,"0",0,0,NA,NA,NA,NA,NA,NA,NA,0,0,0,0,"0",0,0
"4",1987,0,0,0,0,0,0,0,0,0,0,"0",0,0,0,0,0,0,"0",0,0,NA,NA,NA,NA,NA,NA,NA,0,0,0,0,"0",0,0
"5",1988,0,0,0,0,0,0,0,0,0,0,"0",0,0,0,0,0,0,"0",0,0,NA,NA,NA,NA,NA,NA,NA,0,0,0,0,"0",0,0
"6",1989,0,0,0,0,0,0,0,0,0,0,"0",0,0,0,0,0,0,"0",0,0,NA,NA,NA,NA,NA,NA,NA,0,0,0,0,"0",0,0
"7",1990,0,0,0,0,0,0,0,0,0,0,"0",0,0,0,0,0,0,"0",0,0,NA,NA,NA,NA,NA,NA,NA,0,0,0,0,"0",0,0
"8",1991,0,0,0,0,0,0,0,0,0,0,"0",0,0,0,0,0,0,"0",0,0,NA,NA,NA,NA,NA,NA,NA,0,0,0,0,"0",0,0
"9",1992,0,0,0,0,0,0,0,0,0,0,"0",0,0,0,0,0,0,"0",0,0,NA,NA,NA,NA,NA,NA,NA,0,0,0,0,"0",0,0
"10",1993,0,0,0,0,0,0,0,0,0,0,"0",0,0,0,0,0,0,"0",0,0,NA,NA,NA,NA,NA,NA,NA,0,0,0,0,"0",0,0
"11",1994,154.378409537236,0.167379889930004,154.378409537236,0.167379889930004,1324.537278,1,0,0,0,0,"0",0,0,0,0,0,0,"0",0,0,NA,NA,NA,NA,NA,NA,NA,154.378409537236,0.167379889930004,154.378409537236,0.167379889930004,"1994/11/26",1324.537278,1
"12",1995,32.2148718975651,0.0349279522213439,186.593281434801,0.202307842151348,770.117458,1,32.2148718975651,0.0349279522213439,32.2148718975651,0.0349279522213439,"1995/09/09",770.117458,1,0,0,0,0,"0",0,0,NA,NA,NA,NA,NA,NA,NA,0,0,154.378409537236,0.167379889930004,"0",0,0
"13",1996,28.8929795960968,0.0313262959441105,215.486261030898,0.233634138095458,462.151412,1,28.8929795960968,0.0313262959441105,61.1078514936619,0.0662542481654543,"1996/02/16",462.151412,1,0,0,0,0,"0",0,0,NA,NA,NA,NA,NA,NA,NA,0,0,154.378409537236,0.167379889930004,"0",0,0
"14",1997,330.309867512203,0.358127988445506,545.7961285431,0.591762126540964,2085.751644,1,0,0,61.1078514936619,0.0662542481654543,"0",0,0,0,0,0,0,"0",0,0,NA,NA,NA,NA,NA,NA,NA,330.309867512203,0.358127988445506,484.688277049438,0.525507878375509,"1997/10/17",2085.751644,1
"15",1998,0,0,545.7961285431,0.591762126540964,0,0,0,0,61.1078514936619,0.0662542481654543,"0",0,0,0,0,0,0,"0",0,0,NA,NA,NA,NA,NA,NA,NA,0,0,484.688277049438,0.525507878375509,"0",0,0
"16",1999,0,0,545.7961285431,0.591762126540964,0,0,0,0,61.1078514936619,0.0662542481654543,"0",0,0,0,0,0,0,"0",0,0,NA,NA,NA,NA,NA,NA,NA,0,0,484.688277049438,0.525507878375509,"0",0,0
"17",2000,0,0,545.7961285431,0.591762126540964,0,0,0,0,61.1078514936619,0.0662542481654543,"0",0,0,0,0,0,0,"0",0,0,NA,NA,NA,NA,NA,NA,NA,0,0,484.688277049438,0.525507878375509,"0",0,0
"18",2001,0,0,545.7961285431,0.591762126540964,0,0,0,0,61.1078514936619,0.0662542481654543,"0",0,0,0,0,0,0,"0",0,0,NA,NA,NA,NA,NA,NA,NA,0,0,484.688277049438,0.525507878375509,"0",0,0
"19",2002,0,0,545.7961285431,0.591762126540964,0,0,0,0,61.1078514936619,0.0662542481654543,"0",0,0,0,0,0,0,"0",0,0,NA,NA,NA,NA,NA,NA,NA,0,0,484.688277049438,0.525507878375509,"0",0,0
"20",2003,670.521183322159,0.726991307894832,1216.31731186526,1.3187534344358,3721.08777,1,670.521183322159,0.726991307894832,731.629034815821,0.793245556060286,"2003/11/28",3721.08777,1,0,0,0,0,"0",0,0,NA,NA,NA,NA,NA,NA,NA,0,0,484.688277049438,0.525507878375509,"0",0,0
"21",2004,105.468827888288,0.114351228620024,1321.78613975355,1.43310466305582,1953.014636,2,0,0,731.629034815821,0.793245556060286,"0",0,0,105.468827888288,0.114351228620024,105.468827888288,0.114351228620024,"2004/11/05",1953.014636,2,NA,NA,NA,NA,NA,NA,NA,0,0,484.688277049438,0.525507878375509,"0",0,0
"22",2005,0,0,1321.78613975355,1.43310466305582,0,0,0,0,731.629034815821,0.793245556060286,"0",0,0,0,0,105.468827888288,0.114351228620024,"0",0,0,NA,NA,NA,NA,NA,NA,NA,0,0,484.688277049438,0.525507878375509,"0",0,0
"23",2006,528.865333950968,0.573405449958057,1850.65147370452,2.00651011301388,2180.448168,1,0,0,731.629034815821,0.793245556060286,"0",0,0,528.865333950968,0.573405449958057,634.334161839256,0.687756678578081,"2006/12/01",2180.448168,1,NA,NA,NA,NA,NA,NA,NA,0,0,484.688277049438,0.525507878375509,"0",0,0
"24",2007,0,0,1850.65147370452,2.00651011301388,0,0,0,0,731.629034815821,0.793245556060286,"0",0,0,0,0,634.334161839256,0.687756678578081,"0",0,0,NA,NA,NA,NA,NA,NA,NA,0,0,484.688277049438,0.525507878375509,"0",0,0
"25",2008,0,0,1850.65147370452,2.00651011301388,0,0,0,0,731.629034815821,0.793245556060286,"0",0,0,0,0,634.334161839256,0.687756678578081,"0",0,0,NA,NA,NA,NA,NA,NA,NA,0,0,484.688277049438,0.525507878375509,"0",0,0
"26",2009,210.299456028683,0.228010509422502,2060.9509297332,2.23452062243638,798.445478,1,0,0,731.629034815821,0.793245556060286,"0",0,0,210.299456028683,0.228010509422502,844.63361786794,0.915767188000583,"2009/01/13",798.445478,1,NA,NA,NA,NA,NA,NA,NA,0,0,484.688277049438,0.525507878375509,"0",0,0
"27",2010,259.525335680751,0.281382106801754,2320.47626541395,2.51590272923813,2273.930634,1,0,0,731.629034815821,0.793245556060286,"0",0,0,259.525335680751,0.281382106801754,1104.15895354869,1.19714929480234,"2010/01/08",2273.930634,1,NA,NA,NA,NA,NA,NA,NA,0,0,484.688277049438,0.525507878375509,"0",0,0
"28",2011,0,0,2320.47626541395,2.51590272923813,0,0,0,0,731.629034815821,0.793245556060286,"0",0,0,0,0,1104.15895354869,1.19714929480234,"0",0,0,NA,NA,NA,NA,NA,NA,NA,0,0,484.688277049438,0.525507878375509,"0",0,0
"29",2012,68.7170876881177,0.0745043209605897,2389.19335310207,2.59040705019872,1700.895258,2,30.109346089001,0.0326451027015266,761.738380904822,0.825890658761812,"2012/08/05",745.836298,1,0,0,1104.15895354869,1.19714929480234,"0",0,0,NA,NA,NA,NA,NA,NA,NA,38.6077415991167,0.0418592182590631,523.296018648555,0.567367096634573,"2012/09/16",955.05896,1
"30",2013,0,0,2389.19335310207,2.59040705019872,0,0,0,0,761.738380904822,0.825890658761812,"0",0,0,0,0,1104.15895354869,1.19714929480234,"0",0,0,NA,NA,NA,NA,NA,NA,NA,0,0,523.296018648555,0.567367096634573,"0",0,0
"31",2014,0,0,2389.19335310207,2.59040705019872,0,0,0,0,761.738380904822,0.825890658761812,"0",0,0,0,0,1104.15895354869,1.19714929480234,"0",0,0,NA,NA,NA,NA,NA,NA,NA,0,0,523.296018648555,0.567367096634573,"0",0,0
"32",2015,0,0,2389.19335310207,2.59040705019872,0,0,0,0,761.738380904822,0.825890658761812,"0",0,0,0,0,1104.15895354869,1.19714929480234,"0",0,0,NA,NA,NA,NA,NA,NA,NA,0,0,523.296018648555,0.567367096634573,"0",0,0
