"","Year","ZoneTotalBurned_ha","ZoneTotalBurned_pct","ZoneTotalBurned_ha_cum","ZoneTotalBurned_pct_cum","WholeFire_ha","nTotalFires","wildfire_ha","wildfire_pct","wildfire_ha_cum","wildfire_pct_cum","wildfire_IgDate","Wholewildfire_ha","nWildfires","Rxfire_ha","Rxfire_pct","Rxfire_ha_cum","Rxfire_pct_cum","Rxfire_IgDate","WholeRxfire_ha","nRxfires","WLFU_ha","WLFU_pct","WLFU_ha_cum","WLFU_pct_cum","WLFU_IgDate","WholeWLFU_ha","nWLFUfires","unknown_fire_ha","unknown_fire_pct","unknown_fire_ha_cum","unknown_fire_pct_cum","unknown_fire_IgDate","Wholeunknown_fire_ha","nUnknownfires"
"1",1984,0,0,0,0,0,0,0,0,0,0,"0",0,0,0,0,0,0,"0",0,0,NA,NA,NA,NA,NA,NA,NA,0,0,0,0,"0",0,0
"2",1985,0,0,0,0,0,0,0,0,0,0,"0",0,0,0,0,0,0,"0",0,0,NA,NA,NA,NA,NA,NA,NA,0,0,0,0,"0",0,0
"3",1986,0,0,0,0,0,0,0,0,0,0,"0",0,0,0,0,0,0,"0",0,0,NA,NA,NA,NA,NA,NA,NA,0,0,0,0,"0",0,0
"4",1987,0,0,0,0,0,0,0,0,0,0,"0",0,0,0,0,0,0,"0",0,0,NA,NA,NA,NA,NA,NA,NA,0,0,0,0,"0",0,0
"5",1988,0,0,0,0,0,0,0,0,0,0,"0",0,0,0,0,0,0,"0",0,0,NA,NA,NA,NA,NA,NA,NA,0,0,0,0,"0",0,0
"6",1989,0,0,0,0,0,0,0,0,0,0,"0",0,0,0,0,0,0,"0",0,0,NA,NA,NA,NA,NA,NA,NA,0,0,0,0,"0",0,0
"7",1990,0,0,0,0,0,0,0,0,0,0,"0",0,0,0,0,0,0,"0",0,0,NA,NA,NA,NA,NA,NA,NA,0,0,0,0,"0",0,0
"8",1991,0,0,0,0,0,0,0,0,0,0,"0",0,0,0,0,0,0,"0",0,0,NA,NA,NA,NA,NA,NA,NA,0,0,0,0,"0",0,0
"9",1992,0,0,0,0,0,0,0,0,0,0,"0",0,0,0,0,0,0,"0",0,0,NA,NA,NA,NA,NA,NA,NA,0,0,0,0,"0",0,0
"10",1993,267.592723138989,0.304934948665393,267.592723138989,0.304934948665393,3121.747804,1,0,0,0,0,"0",0,0,0,0,0,0,"0",0,0,NA,NA,NA,NA,NA,NA,NA,267.592723138989,0.304934948665393,267.592723138989,0.304934948665393,"1993/09/27",3121.747804,1
"11",1994,285.46351802256,0.325299590336164,553.056241161549,0.630234539001557,3353.632882,1,285.46351802256,0.325299590336164,285.46351802256,0.325299590336164,"1994/12/14",3353.632882,1,0,0,0,0,"0",0,0,NA,NA,NA,NA,NA,NA,NA,0,0,267.592723138989,0.304934948665393,"0",0,0
"12",1995,0,0,553.056241161549,0.630234539001557,0,0,0,0,285.46351802256,0.325299590336164,"0",0,0,0,0,0,0,"0",0,0,NA,NA,NA,NA,NA,NA,NA,0,0,267.592723138989,0.304934948665393,"0",0,0
"13",1996,86.1008683433358,0.0981161354476884,639.157109504885,0.728350674449245,2289.308702,1,86.1008683433358,0.0981161354476884,371.564386365896,0.423415725783852,"1996/01/24",2289.308702,1,0,0,0,0,"0",0,0,NA,NA,NA,NA,NA,NA,NA,0,0,267.592723138989,0.304934948665393,"0",0,0
"14",1997,648.428534962582,0.738915915584481,1287.58564446747,1.46726659003373,1608.222164,1,648.428534962582,0.738915915584481,1019.99292132848,1.16233164136833,"1997/07/24",1608.222164,1,0,0,0,0,"0",0,0,NA,NA,NA,NA,NA,NA,NA,0,0,267.592723138989,0.304934948665393,"0",0,0
"15",1998,0,0,1287.58564446747,1.46726659003373,0,0,0,0,1019.99292132848,1.16233164136833,"0",0,0,0,0,0,0,"0",0,0,NA,NA,NA,NA,NA,NA,NA,0,0,267.592723138989,0.304934948665393,"0",0,0
"16",1999,0,0,1287.58564446747,1.46726659003373,0,0,0,0,1019.99292132848,1.16233164136833,"0",0,0,0,0,0,0,"0",0,0,NA,NA,NA,NA,NA,NA,NA,0,0,267.592723138989,0.304934948665393,"0",0,0
"17",2000,0,0,1287.58564446747,1.46726659003373,0,0,0,0,1019.99292132848,1.16233164136833,"0",0,0,0,0,0,0,"0",0,0,NA,NA,NA,NA,NA,NA,NA,0,0,267.592723138989,0.304934948665393,"0",0,0
"18",2001,0,0,1287.58564446747,1.46726659003373,0,0,0,0,1019.99292132848,1.16233164136833,"0",0,0,0,0,0,0,"0",0,0,NA,NA,NA,NA,NA,NA,NA,0,0,267.592723138989,0.304934948665393,"0",0,0
"19",2002,0,0,1287.58564446747,1.46726659003373,0,0,0,0,1019.99292132848,1.16233164136833,"0",0,0,0,0,0,0,"0",0,0,NA,NA,NA,NA,NA,NA,NA,0,0,267.592723138989,0.304934948665393,"0",0,0
"20",2003,840.600855817949,0.957905640370471,2128.18650028542,2.4251722304042,1715.463954,1,840.600855817949,0.957905640370471,1860.59377714643,2.12023728173881,"2003/11/28",1715.463954,1,0,0,0,0,"0",0,0,NA,NA,NA,NA,NA,NA,NA,0,0,267.592723138989,0.304934948665393,"0",0,0
"21",2004,0.0919088760884271,0.000104734643315997,2128.2784091615,2.42527696504751,2598.08412,1,0.0919088760884271,0.000104734643315997,1860.68568602251,2.12034201638212,"2004/09/13",2598.08412,1,0,0,0,0,"0",0,0,NA,NA,NA,NA,NA,NA,NA,0,0,267.592723138989,0.304934948665393,"0",0,0
"22",2005,877.54035511561,1,3005.81876427711,3.42527696504751,1712.631152,1,877.54035511561,1,2738.22604113812,3.12034201638212,"2005/08/01",1712.631152,1,0,0,0,0,"0",0,0,NA,NA,NA,NA,NA,NA,NA,0,0,267.592723138989,0.304934948665393,"0",0,0
"23",2006,0,0,3005.81876427711,3.42527696504751,0,0,0,0,2738.22604113812,3.12034201638212,"0",0,0,0,0,0,0,"0",0,0,NA,NA,NA,NA,NA,NA,NA,0,0,267.592723138989,0.304934948665393,"0",0,0
"24",2007,877.54035511561,1,3883.35911939272,4.42527696504751,6871.972966,1,0,0,2738.22604113812,3.12034201638212,"0",0,0,877.54035511561,1,877.54035511561,1,"2007/10/24",6871.972966,1,NA,NA,NA,NA,NA,NA,NA,0,0,267.592723138989,0.304934948665393,"0",0,0
"25",2008,0,0,3883.35911939272,4.42527696504751,0,0,0,0,2738.22604113812,3.12034201638212,"0",0,0,0,0,877.54035511561,1,"0",0,0,NA,NA,NA,NA,NA,NA,NA,0,0,267.592723138989,0.304934948665393,"0",0,0
"26",2009,329.66760089444,0.375672296974888,4213.02672028716,4.8009492620224,481.981026,1,329.66760089444,0.375672296974888,3067.89364203256,3.49601431335701,"2009/08/21",481.981026,1,0,0,877.54035511561,1,"0",0,0,NA,NA,NA,NA,NA,NA,NA,0,0,267.592723138989,0.304934948665393,"0",0,0
"27",2010,554.168307365975,0.631501792636041,4767.19502765314,5.43245105465844,1334.249742,1,0,0,3067.89364203256,3.49601431335701,"0",0,0,554.168307365975,0.631501792636041,1431.70866248159,1.63150179263604,"2010/03/12",1334.249742,1,NA,NA,NA,NA,NA,NA,NA,0,0,267.592723138989,0.304934948665393,"0",0,0
"28",2011,0,0,4767.19502765314,5.43245105465844,0,0,0,0,3067.89364203256,3.49601431335701,"0",0,0,0,0,1431.70866248159,1.63150179263604,"0",0,0,NA,NA,NA,NA,NA,NA,NA,0,0,267.592723138989,0.304934948665393,"0",0,0
"29",2012,0,0,4767.19502765314,5.43245105465844,0,0,0,0,3067.89364203256,3.49601431335701,"0",0,0,0,0,1431.70866248159,1.63150179263604,"0",0,0,NA,NA,NA,NA,NA,NA,NA,0,0,267.592723138989,0.304934948665393,"0",0,0
"30",2013,871.485316402951,0.993099988305539,5638.68034405609,6.42555104296398,1740.959172,1,871.485316402951,0.993099988305539,3939.37895843552,4.48911430166255,"2013/10/24",1740.959172,1,0,0,1431.70866248159,1.63150179263604,"0",0,0,NA,NA,NA,NA,NA,NA,NA,0,0,267.592723138989,0.304934948665393,"0",0,0
"31",2014,0,0,5638.68034405609,6.42555104296398,0,0,0,0,3939.37895843552,4.48911430166255,"0",0,0,0,0,1431.70866248159,1.63150179263604,"0",0,0,NA,NA,NA,NA,NA,NA,NA,0,0,267.592723138989,0.304934948665393,"0",0,0
"32",2015,877.54035511561,1,6516.2206991717,7.42555104296398,1891.097678,1,877.54035511561,1,4816.91931355113,5.48911430166255,"2015/07/30",1891.097678,1,0,0,1431.70866248159,1.63150179263604,"0",0,0,NA,NA,NA,NA,NA,NA,NA,0,0,267.592723138989,0.304934948665393,"0",0,0
