"","Year","ZoneTotalBurned_ha","ZoneTotalBurned_pct","ZoneTotalBurned_ha_cum","ZoneTotalBurned_pct_cum","WholeFire_ha","nTotalFires","wildfire_ha","wildfire_pct","wildfire_ha_cum","wildfire_pct_cum","wildfire_IgDate","Wholewildfire_ha","nWildfires","Rxfire_ha","Rxfire_pct","Rxfire_ha_cum","Rxfire_pct_cum","Rxfire_IgDate","WholeRxfire_ha","nRxfires","WLFU_ha","WLFU_pct","WLFU_ha_cum","WLFU_pct_cum","WLFU_IgDate","WholeWLFU_ha","nWLFUfires","unknown_fire_ha","unknown_fire_pct","unknown_fire_ha_cum","unknown_fire_pct_cum","unknown_fire_IgDate","Wholeunknown_fire_ha","nUnknownfires"
"1",1984,0,0,0,0,0,0,0,0,0,0,"0",0,0,0,0,0,0,"0",0,0,NA,NA,NA,NA,NA,NA,NA,0,0,0,0,"0",0,0
"2",1985,0,0,0,0,0,0,0,0,0,0,"0",0,0,0,0,0,0,"0",0,0,NA,NA,NA,NA,NA,NA,NA,0,0,0,0,"0",0,0
"3",1986,197.061744880663,0.185517060275194,197.061744880663,0.185517060275194,3591.992936,1,197.061744880663,0.185517060275194,197.061744880663,0.185517060275194,"1986/09/03",3591.992936,1,0,0,0,0,"0",0,0,NA,NA,NA,NA,NA,NA,NA,0,0,0,0,"0",0,0
"4",1987,0,0,197.061744880663,0.185517060275194,0,0,0,0,197.061744880663,0.185517060275194,"0",0,0,0,0,0,0,"0",0,0,NA,NA,NA,NA,NA,NA,NA,0,0,0,0,"0",0,0
"5",1988,0,0,197.061744880663,0.185517060275194,0,0,0,0,197.061744880663,0.185517060275194,"0",0,0,0,0,0,0,"0",0,0,NA,NA,NA,NA,NA,NA,NA,0,0,0,0,"0",0,0
"6",1989,0,0,197.061744880663,0.185517060275194,0,0,0,0,197.061744880663,0.185517060275194,"0",0,0,0,0,0,0,"0",0,0,NA,NA,NA,NA,NA,NA,NA,0,0,0,0,"0",0,0
"7",1990,192.832079918686,0.181535186420529,389.89382479935,0.367052246695723,579.510352,1,0,0,197.061744880663,0.185517060275194,"0",0,0,0,0,0,0,"0",0,0,NA,NA,NA,NA,NA,NA,NA,192.832079918686,0.181535186420529,192.832079918686,0.181535186420529,"1990/12/08",579.510352,1
"8",1991,0,0,389.89382479935,0.367052246695723,0,0,0,0,197.061744880663,0.185517060275194,"0",0,0,0,0,0,0,"0",0,0,NA,NA,NA,NA,NA,NA,NA,0,0,192.832079918686,0.181535186420529,"0",0,0
"9",1992,88.9506038278848,0.0837395129219312,478.844428627235,0.450791759617654,3781.385984,1,0,0,197.061744880663,0.185517060275194,"0",0,0,0,0,0,0,"0",0,0,NA,NA,NA,NA,NA,NA,NA,88.9506038278848,0.0837395129219312,281.782683746571,0.26527469934246,"1992/10/03",3781.385984,1
"10",1993,570.430232615072,0.537012091874699,1049.27466124231,0.987803851492353,3121.747804,1,0,0,197.061744880663,0.185517060275194,"0",0,0,0,0,0,0,"0",0,0,NA,NA,NA,NA,NA,NA,NA,570.430232615072,0.537012091874699,852.212916361643,0.802286791217159,"1993/09/27",3121.747804,1
"11",1994,58.9956983303602,0.0555394885484166,1108.27035957267,1.04334334004077,3353.632882,1,58.9956983303602,0.0555394885484166,256.057443211024,0.241056548823611,"1994/12/14",3353.632882,1,0,0,0,0,"0",0,0,NA,NA,NA,NA,NA,NA,NA,0,0,852.212916361643,0.802286791217159,"0",0,0
"12",1995,0,0,1108.27035957267,1.04334334004077,0,0,0,0,256.057443211024,0.241056548823611,"0",0,0,0,0,0,0,"0",0,0,NA,NA,NA,NA,NA,NA,NA,0,0,852.212916361643,0.802286791217159,"0",0,0
"13",1996,67.1136885347872,0.0631818936178538,1175.38404810745,1.10652523365862,2289.308702,1,67.1136885347872,0.0631818936178538,323.171131745811,0.304238442441464,"1996/01/24",2289.308702,1,0,0,0,0,"0",0,0,NA,NA,NA,NA,NA,NA,NA,0,0,852.212916361643,0.802286791217159,"0",0,0
"14",1997,428.026227009524,0.402950696511778,1603.41027511698,1.5094759301704,1608.222164,1,428.026227009524,0.402950696511778,751.197358755334,0.707189138953243,"1997/07/24",1608.222164,1,0,0,0,0,"0",0,0,NA,NA,NA,NA,NA,NA,NA,0,0,852.212916361643,0.802286791217159,"0",0,0
"15",1998,0,0,1603.41027511698,1.5094759301704,0,0,0,0,751.197358755334,0.707189138953243,"0",0,0,0,0,0,0,"0",0,0,NA,NA,NA,NA,NA,NA,NA,0,0,852.212916361643,0.802286791217159,"0",0,0
"16",1999,27.5114812607001,0.0258997459420242,1630.92175637768,1.53537567611243,1731.651394,1,27.5114812607001,0.0258997459420242,778.708840016035,0.733088884895267,"1999/12/28",1731.651394,1,0,0,0,0,"0",0,0,NA,NA,NA,NA,NA,NA,NA,0,0,852.212916361643,0.802286791217159,"0",0,0
"17",2000,258.630854593531,0.243479199221082,1889.55261097121,1.77885487533351,5663.985256,1,258.630854593531,0.243479199221082,1037.33969460957,0.976568084116349,"2000/08/20",5663.985256,1,0,0,0,0,"0",0,0,NA,NA,NA,NA,NA,NA,NA,0,0,852.212916361643,0.802286791217159,"0",0,0
"18",2001,0,0,1889.55261097121,1.77885487533351,0,0,0,0,1037.33969460957,0.976568084116349,"0",0,0,0,0,0,0,"0",0,0,NA,NA,NA,NA,NA,NA,NA,0,0,852.212916361643,0.802286791217159,"0",0,0
"19",2002,0,0,1889.55261097121,1.77885487533351,0,0,0,0,1037.33969460957,0.976568084116349,"0",0,0,0,0,0,0,"0",0,0,NA,NA,NA,NA,NA,NA,NA,0,0,852.212916361643,0.802286791217159,"0",0,0
"20",2003,613.88662647342,0.577922632089614,2503.43923744463,2.35677750742312,1715.463954,1,613.88662647342,0.577922632089614,1651.22632108299,1.55449071620596,"2003/11/28",1715.463954,1,0,0,0,0,"0",0,0,NA,NA,NA,NA,NA,NA,NA,0,0,852.212916361643,0.802286791217159,"0",0,0
"21",2004,282.602483975409,0.266046472314221,2786.04172142004,2.62282397973734,2598.08412,1,282.602483975409,0.266046472314221,1933.82880505839,1.82053718852018,"2004/09/13",2598.08412,1,0,0,0,0,"0",0,0,NA,NA,NA,NA,NA,NA,NA,0,0,852.212916361643,0.802286791217159,"0",0,0
"22",2005,652.201556864695,0.613992916837892,3438.24327828473,3.23681689657523,1712.631152,1,652.201556864695,0.613992916837892,2586.03036192309,2.43453010535808,"2005/08/01",1712.631152,1,0,0,0,0,"0",0,0,NA,NA,NA,NA,NA,NA,NA,0,0,852.212916361643,0.802286791217159,"0",0,0
"23",2006,0,0,3438.24327828473,3.23681689657523,0,0,0,0,2586.03036192309,2.43453010535808,"0",0,0,0,0,0,0,"0",0,0,NA,NA,NA,NA,NA,NA,NA,0,0,852.212916361643,0.802286791217159,"0",0,0
"24",2007,846.445513482801,0.796857266434693,4284.68879176753,4.03367416300993,6871.972966,1,0,0,2586.03036192309,2.43453010535808,"0",0,0,846.445513482801,0.796857266434693,846.445513482801,0.796857266434693,"2007/10/24",6871.972966,1,NA,NA,NA,NA,NA,NA,NA,0,0,852.212916361643,0.802286791217159,"0",0,0
"25",2008,0,0,4284.68879176753,4.03367416300993,0,0,0,0,2586.03036192309,2.43453010535808,"0",0,0,0,0,846.445513482801,0.796857266434693,"0",0,0,NA,NA,NA,NA,NA,NA,NA,0,0,852.212916361643,0.802286791217159,"0",0,0
"26",2009,260.467908212162,0.245208630710196,4545.1566999797,4.27888279372012,481.981026,1,260.467908212162,0.245208630710196,2846.49827013525,2.67973873606827,"2009/08/21",481.981026,1,0,0,846.445513482801,0.796857266434693,"0",0,0,NA,NA,NA,NA,NA,NA,NA,0,0,852.212916361643,0.802286791217159,"0",0,0
"27",2010,585.506108559262,0.551204761222741,5130.66280853896,4.83008755494286,7190.460848,2,0,0,2846.49827013525,2.67973873606827,"0",0,0,585.506108559262,0.551204761222741,1431.95162204206,1.34806202765743,"2010/03/12",7190.460848,2,NA,NA,NA,NA,NA,NA,NA,0,0,852.212916361643,0.802286791217159,"0",0,0
"28",2011,0,0,5130.66280853896,4.83008755494286,0,0,0,0,2846.49827013525,2.67973873606827,"0",0,0,0,0,1431.95162204206,1.34806202765743,"0",0,0,NA,NA,NA,NA,NA,NA,NA,0,0,852.212916361643,0.802286791217159,"0",0,0
"29",2012,258.859681831668,0.243694620821838,5389.52249037062,5.0737821757647,5362.494186,1,258.859681831668,0.243694620821838,3105.35795196692,2.92343335689011,"2012/01/02",5362.494186,1,0,0,1431.95162204206,1.34806202765743,"0",0,0,NA,NA,NA,NA,NA,NA,NA,0,0,852.212916361643,0.802286791217159,"0",0,0
"30",2013,648.957459181256,0.610938871691577,6038.47994955188,5.68472104745628,1740.959172,1,648.957459181256,0.610938871691577,3754.31541114817,3.53437222858169,"2013/10/24",1740.959172,1,0,0,1431.95162204206,1.34806202765743,"0",0,0,NA,NA,NA,NA,NA,NA,NA,0,0,852.212916361643,0.802286791217159,"0",0,0
"31",2014,0,0,6038.47994955188,5.68472104745628,0,0,0,0,3754.31541114817,3.53437222858169,"0",0,0,0,0,1431.95162204206,1.34806202765743,"0",0,0,NA,NA,NA,NA,NA,NA,NA,0,0,852.212916361643,0.802286791217159,"0",0,0
"32",2015,637.564987517143,0.600213817705708,6676.04493706902,6.28493486516199,5468.521918,2,637.564987517143,0.600213817705708,4391.88039866532,4.13458604628739,"2015/07/30",5468.521918,2,0,0,1431.95162204206,1.34806202765743,"0",0,0,NA,NA,NA,NA,NA,NA,NA,0,0,852.212916361643,0.802286791217159,"0",0,0
