"","Year","ZoneTotalBurned_ha","ZoneTotalBurned_pct","ZoneTotalBurned_ha_cum","ZoneTotalBurned_pct_cum","WholeFire_ha","nTotalFires","wildfire_ha","wildfire_pct","wildfire_ha_cum","wildfire_pct_cum","wildfire_IgDate","Wholewildfire_ha","nWildfires","Rxfire_ha","Rxfire_pct","Rxfire_ha_cum","Rxfire_pct_cum","Rxfire_IgDate","WholeRxfire_ha","nRxfires","WLFU_ha","WLFU_pct","WLFU_ha_cum","WLFU_pct_cum","WLFU_IgDate","WholeWLFU_ha","nWLFUfires","unknown_fire_ha","unknown_fire_pct","unknown_fire_ha_cum","unknown_fire_pct_cum","unknown_fire_IgDate","Wholeunknown_fire_ha","nUnknownfires"
"1",1984,0,0,0,0,0,0,0,0,0,0,"0",0,0,0,0,0,0,"0",0,0,NA,NA,NA,NA,NA,NA,NA,0,0,0,0,"0",0,0
"2",1985,0,0,0,0,0,0,0,0,0,0,"0",0,0,0,0,0,0,"0",0,0,NA,NA,NA,NA,NA,NA,NA,0,0,0,0,"0",0,0
"3",1986,0,0,0,0,0,0,0,0,0,0,"0",0,0,0,0,0,0,"0",0,0,NA,NA,NA,NA,NA,NA,NA,0,0,0,0,"0",0,0
"4",1987,0,0,0,0,0,0,0,0,0,0,"0",0,0,0,0,0,0,"0",0,0,NA,NA,NA,NA,NA,NA,NA,0,0,0,0,"0",0,0
"5",1988,0,0,0,0,0,0,0,0,0,0,"0",0,0,0,0,0,0,"0",0,0,NA,NA,NA,NA,NA,NA,NA,0,0,0,0,"0",0,0
"6",1989,0,0,0,0,0,0,0,0,0,0,"0",0,0,0,0,0,0,"0",0,0,NA,NA,NA,NA,NA,NA,NA,0,0,0,0,"0",0,0
"7",1990,19.4478241917481,0.0225651427687227,19.4478241917481,0.0225651427687227,2820.256734,1,19.4478241917481,0.0225651427687227,19.4478241917481,0.0225651427687227,"1990/08/13",2820.256734,1,0,0,0,0,"0",0,0,NA,NA,NA,NA,NA,NA,NA,0,0,0,0,"0",0,0
"8",1991,0,0,19.4478241917481,0.0225651427687227,0,0,0,0,19.4478241917481,0.0225651427687227,"0",0,0,0,0,0,0,"0",0,0,NA,NA,NA,NA,NA,NA,NA,0,0,0,0,"0",0,0
"9",1992,0,0,19.4478241917481,0.0225651427687227,0,0,0,0,19.4478241917481,0.0225651427687227,"0",0,0,0,0,0,0,"0",0,0,NA,NA,NA,NA,NA,NA,NA,0,0,0,0,"0",0,0
"10",1993,0,0,19.4478241917481,0.0225651427687227,0,0,0,0,19.4478241917481,0.0225651427687227,"0",0,0,0,0,0,0,"0",0,0,NA,NA,NA,NA,NA,NA,NA,0,0,0,0,"0",0,0
"11",1994,23.695134971153,0.0274932608540905,43.1429591629011,0.0500584036228132,1324.537278,1,0,0,19.4478241917481,0.0225651427687227,"0",0,0,0,0,0,0,"0",0,0,NA,NA,NA,NA,NA,NA,NA,23.695134971153,0.0274932608540905,23.695134971153,0.0274932608540905,"1994/11/26",1324.537278,1
"12",1995,18.8871853002045,0.0219146382955927,62.0301444631056,0.0719730419184059,770.117458,1,18.8871853002045,0.0219146382955927,38.3350094919526,0.0444797810643154,"1995/09/09",770.117458,1,0,0,0,0,"0",0,0,NA,NA,NA,NA,NA,NA,NA,0,0,23.695134971153,0.0274932608540905,"0",0,0
"13",1996,0,0,62.0301444631056,0.0719730419184059,0,0,0,0,38.3350094919526,0.0444797810643154,"0",0,0,0,0,0,0,"0",0,0,NA,NA,NA,NA,NA,NA,NA,0,0,23.695134971153,0.0274932608540905,"0",0,0
"14",1997,24.7341334867575,0.0286988018755409,86.7642779498632,0.100671843793947,2085.751644,1,0,0,38.3350094919526,0.0444797810643154,"0",0,0,0,0,0,0,"0",0,0,NA,NA,NA,NA,NA,NA,NA,24.7341334867575,0.0286988018755409,48.4292684579106,0.0561920627296314,"1997/10/17",2085.751644,1
"15",1998,0,0,86.7642779498632,0.100671843793947,0,0,0,0,38.3350094919526,0.0444797810643154,"0",0,0,0,0,0,0,"0",0,0,NA,NA,NA,NA,NA,NA,NA,0,0,48.4292684579106,0.0561920627296314,"0",0,0
"16",1999,0,0,86.7642779498632,0.100671843793947,0,0,0,0,38.3350094919526,0.0444797810643154,"0",0,0,0,0,0,0,"0",0,0,NA,NA,NA,NA,NA,NA,NA,0,0,48.4292684579106,0.0561920627296314,"0",0,0
"17",2000,0,0,86.7642779498632,0.100671843793947,0,0,0,0,38.3350094919526,0.0444797810643154,"0",0,0,0,0,0,0,"0",0,0,NA,NA,NA,NA,NA,NA,NA,0,0,48.4292684579106,0.0561920627296314,"0",0,0
"18",2001,0,0,86.7642779498632,0.100671843793947,0,0,0,0,38.3350094919526,0.0444797810643154,"0",0,0,0,0,0,0,"0",0,0,NA,NA,NA,NA,NA,NA,NA,0,0,48.4292684579106,0.0561920627296314,"0",0,0
"19",2002,0,0,86.7642779498632,0.100671843793947,0,0,0,0,38.3350094919526,0.0444797810643154,"0",0,0,0,0,0,0,"0",0,0,NA,NA,NA,NA,NA,NA,NA,0,0,48.4292684579106,0.0561920627296314,"0",0,0
"20",2003,695.445774234232,0.806919737075728,782.210052184096,0.907591580869675,4928.670794,2,15.4716274792281,0.0179515959981482,53.8066369711807,0.0624313770624636,"2003/11/28",3721.08777,1,0,0,0,0,"0",0,0,NA,NA,NA,NA,NA,NA,NA,679.974146755004,0.78896814107758,728.403415212915,0.845160203807212,"2003/11/19",1207.583024,1
"21",2004,17.2349122213128,0.0199975200848096,799.444964405408,0.927589100954485,940.89495,1,0,0,53.8066369711807,0.0624313770624636,"0",0,0,17.2349122213128,0.0199975200848096,17.2349122213128,0.0199975200848096,"2004/11/05",940.89495,1,NA,NA,NA,NA,NA,NA,NA,0,0,728.403415212915,0.845160203807212,"0",0,0
"22",2005,698.981706101494,0.811022448341449,1498.4266705069,1.73861154929593,3269.458194,2,424.713890533902,0.492791866137068,478.520527505082,0.555223243199532,"2005/09/17",1445.133706,1,274.267815567593,0.318230582204381,291.502727788906,0.338228102289191,"2005/09/17",1824.324488,1,NA,NA,NA,NA,NA,NA,NA,0,0,728.403415212915,0.845160203807212,"0",0,0
"23",2006,23.0554898603103,0.0267510861457442,1521.48216036721,1.76536263544168,2180.448168,1,0,0,478.520527505082,0.555223243199532,"0",0,0,23.0554898603103,0.0267510861457442,314.558217649216,0.364979188434935,"2006/12/01",2180.448168,1,NA,NA,NA,NA,NA,NA,NA,0,0,728.403415212915,0.845160203807212,"0",0,0
"24",2007,0,0,1521.48216036721,1.76536263544168,0,0,0,0,478.520527505082,0.555223243199532,"0",0,0,0,0,314.558217649216,0.364979188434935,"0",0,0,NA,NA,NA,NA,NA,NA,NA,0,0,728.403415212915,0.845160203807212,"0",0,0
"25",2008,299.047647093877,0.346982407121266,1820.52980746109,2.11234504256294,1061.086692,1,0,0,478.520527505082,0.555223243199532,"0",0,0,0,0,314.558217649216,0.364979188434935,"0",0,0,NA,NA,NA,NA,NA,NA,NA,299.047647093877,0.346982407121266,1027.45106230679,1.19214261092848,"2008/07/27",1061.086692,1
"26",2009,24.5569682257979,0.0284932385504205,1845.08677568689,2.14083828111336,798.445478,1,0,0,478.520527505082,0.555223243199532,"0",0,0,24.5569682257979,0.0284932385504205,339.115185875014,0.393472426985355,"2009/01/13",798.445478,1,NA,NA,NA,NA,NA,NA,NA,0,0,1027.45106230679,1.19214261092848,"0",0,0
"27",2010,0,0,1845.08677568689,2.14083828111336,0,0,0,0,478.520527505082,0.555223243199532,"0",0,0,0,0,339.115185875014,0.393472426985355,"0",0,0,NA,NA,NA,NA,NA,NA,NA,0,0,1027.45106230679,1.19214261092848,"0",0,0
"28",2011,201.853029711981,0.234208330394242,2046.93980539887,2.37504661150761,541.469868,1,201.853029711981,0.234208330394242,680.373557217063,0.789431573593774,"2011/12/17",541.469868,1,0,0,339.115185875014,0.393472426985355,"0",0,0,NA,NA,NA,NA,NA,NA,NA,0,0,1027.45106230679,1.19214261092848,"0",0,0
"29",2012,18.6631228753125,0.0216546605954168,2065.60292827418,2.39670127210302,745.836298,1,18.6631228753125,0.0216546605954168,699.036680092375,0.811086234189191,"2012/08/05",745.836298,1,0,0,339.115185875014,0.393472426985355,"0",0,0,NA,NA,NA,NA,NA,NA,NA,0,0,1027.45106230679,1.19214261092848,"0",0,0
"30",2013,0,0,2065.60292827418,2.39670127210302,0,0,0,0,699.036680092375,0.811086234189191,"0",0,0,0,0,339.115185875014,0.393472426985355,"0",0,0,NA,NA,NA,NA,NA,NA,NA,0,0,1027.45106230679,1.19214261092848,"0",0,0
"31",2014,0,0,2065.60292827418,2.39670127210302,0,0,0,0,699.036680092375,0.811086234189191,"0",0,0,0,0,339.115185875014,0.393472426985355,"0",0,0,NA,NA,NA,NA,NA,NA,NA,0,0,1027.45106230679,1.19214261092848,"0",0,0
"32",2015,0,0,2065.60292827418,2.39670127210302,0,0,0,0,699.036680092375,0.811086234189191,"0",0,0,0,0,339.115185875014,0.393472426985355,"0",0,0,NA,NA,NA,NA,NA,NA,NA,0,0,1027.45106230679,1.19214261092848,"0",0,0
