"","Year","ZoneTotalBurned_ha","ZoneTotalBurned_pct","ZoneTotalBurned_ha_cum","ZoneTotalBurned_pct_cum","WholeFire_ha","nTotalFires","wildfire_ha","wildfire_pct","wildfire_ha_cum","wildfire_pct_cum","wildfire_IgDate","Wholewildfire_ha","nWildfires","Rxfire_ha","Rxfire_pct","Rxfire_ha_cum","Rxfire_pct_cum","Rxfire_IgDate","WholeRxfire_ha","nRxfires","WLFU_ha","WLFU_pct","WLFU_ha_cum","WLFU_pct_cum","WLFU_IgDate","WholeWLFU_ha","nWLFUfires","unknown_fire_ha","unknown_fire_pct","unknown_fire_ha_cum","unknown_fire_pct_cum","unknown_fire_IgDate","Wholeunknown_fire_ha","nUnknownfires"
"1",1984,0,0,0,0,0,0,0,0,0,0,"0",0,0,0,0,0,0,"0",0,0,NA,NA,NA,NA,NA,NA,NA,0,0,0,0,"0",0,0
"2",1985,0,0,0,0,0,0,0,0,0,0,"0",0,0,0,0,0,0,"0",0,0,NA,NA,NA,NA,NA,NA,NA,0,0,0,0,"0",0,0
"3",1986,0,0,0,0,0,0,0,0,0,0,"0",0,0,0,0,0,0,"0",0,0,NA,NA,NA,NA,NA,NA,NA,0,0,0,0,"0",0,0
"4",1987,0,0,0,0,0,0,0,0,0,0,"0",0,0,0,0,0,0,"0",0,0,NA,NA,NA,NA,NA,NA,NA,0,0,0,0,"0",0,0
"5",1988,0,0,0,0,0,0,0,0,0,0,"0",0,0,0,0,0,0,"0",0,0,NA,NA,NA,NA,NA,NA,NA,0,0,0,0,"0",0,0
"6",1989,0,0,0,0,0,0,0,0,0,0,"0",0,0,0,0,0,0,"0",0,0,NA,NA,NA,NA,NA,NA,NA,0,0,0,0,"0",0,0
"7",1990,72.9314549201653,0.0729640553095679,72.9314549201653,0.0729640553095679,2820.256734,1,72.9314549201653,0.0729640553095679,72.9314549201653,0.0729640553095679,"1990/08/13",2820.256734,1,0,0,0,0,"0",0,0,NA,NA,NA,NA,NA,NA,NA,0,0,0,0,"0",0,0
"8",1991,0,0,72.9314549201653,0.0729640553095679,0,0,0,0,72.9314549201653,0.0729640553095679,"0",0,0,0,0,0,0,"0",0,0,NA,NA,NA,NA,NA,NA,NA,0,0,0,0,"0",0,0
"9",1992,0,0,72.9314549201653,0.0729640553095679,0,0,0,0,72.9314549201653,0.0729640553095679,"0",0,0,0,0,0,0,"0",0,0,NA,NA,NA,NA,NA,NA,NA,0,0,0,0,"0",0,0
"10",1993,0,0,72.9314549201653,0.0729640553095679,0,0,0,0,72.9314549201653,0.0729640553095679,"0",0,0,0,0,0,0,"0",0,0,NA,NA,NA,NA,NA,NA,NA,0,0,0,0,"0",0,0
"11",1994,112.37953457021,0.112429768266931,185.310989490376,0.185393823576499,1324.537278,1,0,0,72.9314549201653,0.0729640553095679,"0",0,0,0,0,0,0,"0",0,0,NA,NA,NA,NA,NA,NA,NA,112.37953457021,0.112429768266931,112.37953457021,0.112429768266931,"1994/11/26",1324.537278,1
"12",1995,148.22382405716,0.14829008016556,333.534813547535,0.33368390374206,770.117458,1,148.22382405716,0.14829008016556,221.155278977325,0.221254135475128,"1995/09/09",770.117458,1,0,0,0,0,"0",0,0,NA,NA,NA,NA,NA,NA,NA,0,0,112.37953457021,0.112429768266931,"0",0,0
"13",1996,16.8856069164102,0.0168931547894284,350.420420463946,0.350577058531488,462.151412,1,16.8856069164102,0.0168931547894284,238.040885893735,0.238147290264557,"1996/02/16",462.151412,1,0,0,0,0,"0",0,0,NA,NA,NA,NA,NA,NA,NA,0,0,112.37953457021,0.112429768266931,"0",0,0
"14",1997,286.103098176042,0.2862309863749,636.523518639988,0.636808044906388,2085.751644,1,0,0,238.040885893735,0.238147290264557,"0",0,0,0,0,0,0,"0",0,0,NA,NA,NA,NA,NA,NA,NA,286.103098176042,0.2862309863749,398.482632746253,0.398660754641831,"1997/10/17",2085.751644,1
"15",1998,0,0,636.523518639988,0.636808044906388,0,0,0,0,238.040885893735,0.238147290264557,"0",0,0,0,0,0,0,"0",0,0,NA,NA,NA,NA,NA,NA,NA,0,0,398.482632746253,0.398660754641831,"0",0,0
"16",1999,0,0,636.523518639988,0.636808044906388,0,0,0,0,238.040885893735,0.238147290264557,"0",0,0,0,0,0,0,"0",0,0,NA,NA,NA,NA,NA,NA,NA,0,0,398.482632746253,0.398660754641831,"0",0,0
"17",2000,0,0,636.523518639988,0.636808044906388,0,0,0,0,238.040885893735,0.238147290264557,"0",0,0,0,0,0,0,"0",0,0,NA,NA,NA,NA,NA,NA,NA,0,0,398.482632746253,0.398660754641831,"0",0,0
"18",2001,0,0,636.523518639988,0.636808044906388,0,0,0,0,238.040885893735,0.238147290264557,"0",0,0,0,0,0,0,"0",0,0,NA,NA,NA,NA,NA,NA,NA,0,0,398.482632746253,0.398660754641831,"0",0,0
"19",2002,0,0,636.523518639988,0.636808044906388,0,0,0,0,238.040885893735,0.238147290264557,"0",0,0,0,0,0,0,"0",0,0,NA,NA,NA,NA,NA,NA,NA,0,0,398.482632746253,0.398660754641831,"0",0,0
"20",2003,594.331807452426,0.594597474007117,1230.85532609241,1.23140551891351,5915.295262,2,591.965726426007,0.592230335341537,830.006612319742,0.830377625606094,"2003/11/28",3721.08777,1,0,0,0,0,"0",0,0,NA,NA,NA,NA,NA,NA,NA,2.36608102641869,0.00236713866558006,400.848713772671,0.401027893307411,"2003/01/19",2194.207492,1
"21",2004,168.971915971532,0.169047446485284,1399.82724206395,1.40045296539879,1953.014636,2,0,0,830.006612319742,0.830377625606094,"0",0,0,168.971915971532,0.169047446485284,168.971915971532,0.169047446485284,"2004/11/05",1953.014636,2,NA,NA,NA,NA,NA,NA,NA,0,0,400.848713772671,0.401027893307411,"0",0,0
"22",2005,0.198650143072501,0.00019873893976559,1400.02589220702,1.40065170433855,1348.009066,1,0.198650143072501,0.00019873893976559,830.205262462815,0.83057636454586,"2005/08/01",1348.009066,1,0,0,168.971915971532,0.169047446485284,"0",0,0,NA,NA,NA,NA,NA,NA,NA,0,0,400.848713772671,0.401027893307411,"0",0,0
"23",2006,444.783512137066,0.444982330544177,1844.80940434408,1.84563403488273,2180.448168,1,0,0,830.205262462815,0.83057636454586,"0",0,0,444.783512137066,0.444982330544177,613.755428108598,0.614029777029461,"2006/12/01",2180.448168,1,NA,NA,NA,NA,NA,NA,NA,0,0,400.848713772671,0.401027893307411,"0",0,0
"24",2007,1.54801695197488,0.00154870891616909,1846.35742129606,1.8471827437989,1685.51719,1,0,0,830.205262462815,0.83057636454586,"0",0,0,1.54801695197488,0.00154870891616909,615.303445060573,0.61557848594563,"2007/01/09",1685.51719,1,NA,NA,NA,NA,NA,NA,NA,0,0,400.848713772671,0.401027893307411,"0",0,0
"25",2008,0,0,1846.35742129606,1.8471827437989,0,0,0,0,830.205262462815,0.83057636454586,"0",0,0,0,0,615.303445060573,0.61557848594563,"0",0,0,NA,NA,NA,NA,NA,NA,NA,0,0,400.848713772671,0.401027893307411,"0",0,0
"26",2009,179.314630123304,0.179394783834402,2025.67205141936,2.0265775276333,798.445478,1,0,0,830.205262462815,0.83057636454586,"0",0,0,179.314630123304,0.179394783834402,794.618075183877,0.794973269780032,"2009/01/13",798.445478,1,NA,NA,NA,NA,NA,NA,NA,0,0,400.848713772671,0.401027893307411,"0",0,0
"27",2010,204.228803185103,0.204320093541484,2229.90085460447,2.23089762117479,2273.930634,1,0,0,830.205262462815,0.83057636454586,"0",0,0,204.228803185103,0.204320093541484,998.84687836898,0.999293363321516,"2010/01/08",2273.930634,1,NA,NA,NA,NA,NA,NA,NA,0,0,400.848713772671,0.401027893307411,"0",0,0
"28",2011,0,0,2229.90085460447,2.23089762117479,0,0,0,0,830.205262462815,0.83057636454586,"0",0,0,0,0,998.84687836898,0.999293363321516,"0",0,0,NA,NA,NA,NA,NA,NA,NA,0,0,400.848713772671,0.401027893307411,"0",0,0
"29",2012,153.212193184716,0.153280679096104,2383.11304778918,2.38417830027089,1700.895258,2,146.903911192213,0.146969577299037,977.109173655028,0.977545941844897,"2012/08/05",745.836298,1,0,0,998.84687836898,0.999293363321516,"0",0,0,NA,NA,NA,NA,NA,NA,NA,6.30828199250263,0.00631110179706628,407.156995765174,0.407338995104478,"2012/09/16",955.05896,1
"30",2013,0,0,2383.11304778918,2.38417830027089,0,0,0,0,977.109173655028,0.977545941844897,"0",0,0,0,0,998.84687836898,0.999293363321516,"0",0,0,NA,NA,NA,NA,NA,NA,NA,0,0,407.156995765174,0.407338995104478,"0",0,0
"31",2014,2.29137086637199,0.00229239511006206,2385.40441865555,2.38647069538095,1578.680086,1,2.29137086637199,0.00229239511006206,979.4005445214,0.979838336954959,"2014/06/13",1578.680086,1,0,0,998.84687836898,0.999293363321516,"0",0,0,NA,NA,NA,NA,NA,NA,NA,0,0,407.156995765174,0.407338995104478,"0",0,0
"32",2015,0,0,2385.40441865555,2.38647069538095,0,0,0,0,979.4005445214,0.979838336954959,"0",0,0,0,0,998.84687836898,0.999293363321516,"0",0,0,NA,NA,NA,NA,NA,NA,NA,0,0,407.156995765174,0.407338995104478,"0",0,0
