"","Year","ZoneTotalBurned_ha","ZoneTotalBurned_pct","ZoneTotalBurned_ha_cum","ZoneTotalBurned_pct_cum","WholeFire_ha","nTotalFires","wildfire_ha","wildfire_pct","wildfire_ha_cum","wildfire_pct_cum","wildfire_IgDate","Wholewildfire_ha","nWildfires","Rxfire_ha","Rxfire_pct","Rxfire_ha_cum","Rxfire_pct_cum","Rxfire_IgDate","WholeRxfire_ha","nRxfires","WLFU_ha","WLFU_pct","WLFU_ha_cum","WLFU_pct_cum","WLFU_IgDate","WholeWLFU_ha","nWLFUfires","unknown_fire_ha","unknown_fire_pct","unknown_fire_ha_cum","unknown_fire_pct_cum","unknown_fire_IgDate","Wholeunknown_fire_ha","nUnknownfires"
"1",1984,0,0,0,0,0,0,0,0,0,0,"0",0,0,0,0,0,0,"0",0,0,NA,NA,NA,NA,NA,NA,NA,0,0,0,0,"0",0,0
"2",1985,0,0,0,0,0,0,0,0,0,0,"0",0,0,0,0,0,0,"0",0,0,NA,NA,NA,NA,NA,NA,NA,0,0,0,0,"0",0,0
"3",1986,0,0,0,0,0,0,0,0,0,0,"0",0,0,0,0,0,0,"0",0,0,NA,NA,NA,NA,NA,NA,NA,0,0,0,0,"0",0,0
"4",1987,304.699362113481,0.362612171155153,304.699362113481,0.362612171155153,1067.966354,1,304.699362113481,0.362612171155153,304.699362113481,0.362612171155153,"1987/08/20",1067.966354,1,0,0,0,0,"0",0,0,NA,NA,NA,NA,NA,NA,NA,0,0,0,0,"0",0,0
"5",1988,0,0,304.699362113481,0.362612171155153,0,0,0,0,304.699362113481,0.362612171155153,"0",0,0,0,0,0,0,"0",0,0,NA,NA,NA,NA,NA,NA,NA,0,0,0,0,"0",0,0
"6",1989,0,0,304.699362113481,0.362612171155153,0,0,0,0,304.699362113481,0.362612171155153,"0",0,0,0,0,0,0,"0",0,0,NA,NA,NA,NA,NA,NA,NA,0,0,0,0,"0",0,0
"7",1990,0,0,304.699362113481,0.362612171155153,0,0,0,0,304.699362113481,0.362612171155153,"0",0,0,0,0,0,0,"0",0,0,NA,NA,NA,NA,NA,NA,NA,0,0,0,0,"0",0,0
"8",1991,0,0,304.699362113481,0.362612171155153,0,0,0,0,304.699362113481,0.362612171155153,"0",0,0,0,0,0,0,"0",0,0,NA,NA,NA,NA,NA,NA,NA,0,0,0,0,"0",0,0
"9",1992,0,0,304.699362113481,0.362612171155153,0,0,0,0,304.699362113481,0.362612171155153,"0",0,0,0,0,0,0,"0",0,0,NA,NA,NA,NA,NA,NA,NA,0,0,0,0,"0",0,0
"10",1993,0,0,304.699362113481,0.362612171155153,0,0,0,0,304.699362113481,0.362612171155153,"0",0,0,0,0,0,0,"0",0,0,NA,NA,NA,NA,NA,NA,NA,0,0,0,0,"0",0,0
"11",1994,0,0,304.699362113481,0.362612171155153,0,0,0,0,304.699362113481,0.362612171155153,"0",0,0,0,0,0,0,"0",0,0,NA,NA,NA,NA,NA,NA,NA,0,0,0,0,"0",0,0
"12",1995,0,0,304.699362113481,0.362612171155153,0,0,0,0,304.699362113481,0.362612171155153,"0",0,0,0,0,0,0,"0",0,0,NA,NA,NA,NA,NA,NA,NA,0,0,0,0,"0",0,0
"13",1996,126.281441844699,0.15028317580414,430.980803958181,0.512895346959293,724.38794,1,0,0,304.699362113481,0.362612171155153,"0",0,0,0,0,0,0,"0",0,0,NA,NA,NA,NA,NA,NA,NA,126.281441844699,0.15028317580414,126.281441844699,0.15028317580414,"1996/12/09",724.38794,1
"14",1997,0,0,430.980803958181,0.512895346959293,0,0,0,0,304.699362113481,0.362612171155153,"0",0,0,0,0,0,0,"0",0,0,NA,NA,NA,NA,NA,NA,NA,0,0,126.281441844699,0.15028317580414,"0",0,0
"15",1998,389.483178224012,0.463510457995704,820.463982182193,0.976405804954997,1821.896372,1,0,0,304.699362113481,0.362612171155153,"0",0,0,0,0,0,0,"0",0,0,NA,NA,NA,NA,NA,NA,NA,389.483178224012,0.463510457995704,515.764620068712,0.613793633799844,"1998/12/30",1821.896372,1
"16",1999,0,0,820.463982182193,0.976405804954997,0,0,0,0,304.699362113481,0.362612171155153,"0",0,0,0,0,0,0,"0",0,0,NA,NA,NA,NA,NA,NA,NA,0,0,515.764620068712,0.613793633799844,"0",0,0
"17",2000,204.566603280636,0.243447638508018,1025.03058546283,1.21985344346301,955.868332,1,0,0,304.699362113481,0.362612171155153,"0",0,0,0,0,0,0,"0",0,0,NA,NA,NA,NA,NA,NA,NA,204.566603280636,0.243447638508018,720.331223349348,0.857241272307862,"2000/01/10",955.868332,1
"18",2001,0,0,1025.03058546283,1.21985344346301,0,0,0,0,304.699362113481,0.362612171155153,"0",0,0,0,0,0,0,"0",0,0,NA,NA,NA,NA,NA,NA,NA,0,0,720.331223349348,0.857241272307862,"0",0,0
"19",2002,236.12140121488,0.280999912034067,1261.15198667771,1.50085335549708,1761.193472,1,236.12140121488,0.280999912034067,540.820763328361,0.64361208318922,"2002/12/19",1761.193472,1,0,0,0,0,"0",0,0,NA,NA,NA,NA,NA,NA,NA,0,0,720.331223349348,0.857241272307862,"0",0,0
"20",2003,183.715344711798,0.218633276940211,1444.86733138951,1.71948663243729,430.99059,1,0,0,540.820763328361,0.64361208318922,"0",0,0,0,0,0,0,"0",0,0,NA,NA,NA,NA,NA,NA,NA,183.715344711798,0.218633276940211,904.046568061146,1.07587454924807,"2003/12/20",430.99059,1
"21",2004,276.665226544956,0.329249716129157,1721.53255793446,2.04873634856645,929.159056,1,0,0,540.820763328361,0.64361208318922,"0",0,0,276.665226544956,0.329249716129157,276.665226544956,0.329249716129157,"2004/11/12",929.159056,1,NA,NA,NA,NA,NA,NA,NA,0,0,904.046568061146,1.07587454924807,"0",0,0
"22",2005,248.447696676121,0.295669009890058,1969.98025461058,2.34440535845651,1377.95583,1,0,0,540.820763328361,0.64361208318922,"0",0,0,248.447696676121,0.295669009890058,525.112923221077,0.624918726019215,"2005/10/28",1377.95583,1,NA,NA,NA,NA,NA,NA,NA,0,0,904.046568061146,1.07587454924807,"0",0,0
"23",2006,0,0,1969.98025461058,2.34440535845651,0,0,0,0,540.820763328361,0.64361208318922,"0",0,0,0,0,525.112923221077,0.624918726019215,"0",0,0,NA,NA,NA,NA,NA,NA,NA,0,0,904.046568061146,1.07587454924807,"0",0,0
"24",2007,707.968791909568,0.842529170273772,2677.94904652015,3.18693452873028,1808.541734,2,0,0,540.820763328361,0.64361208318922,"0",0,0,707.968791909568,0.842529170273772,1233.08171513065,1.46744789629299,"2007/10/25",1808.541734,2,NA,NA,NA,NA,NA,NA,NA,0,0,904.046568061146,1.07587454924807,"0",0,0
"25",2008,0,0,2677.94904652015,3.18693452873028,0,0,0,0,540.820763328361,0.64361208318922,"0",0,0,0,0,1233.08171513065,1.46744789629299,"0",0,0,NA,NA,NA,NA,NA,NA,NA,0,0,904.046568061146,1.07587454924807,"0",0,0
"26",2009,0,0,2677.94904652015,3.18693452873028,0,0,0,0,540.820763328361,0.64361208318922,"0",0,0,0,0,1233.08171513065,1.46744789629299,"0",0,0,NA,NA,NA,NA,NA,NA,NA,0,0,904.046568061146,1.07587454924807,"0",0,0
"27",2010,0,0,2677.94904652015,3.18693452873028,0,0,0,0,540.820763328361,0.64361208318922,"0",0,0,0,0,1233.08171513065,1.46744789629299,"0",0,0,NA,NA,NA,NA,NA,NA,NA,0,0,904.046568061146,1.07587454924807,"0",0,0
"28",2011,0,0,2677.94904652015,3.18693452873028,0,0,0,0,540.820763328361,0.64361208318922,"0",0,0,0,0,1233.08171513065,1.46744789629299,"0",0,0,NA,NA,NA,NA,NA,NA,NA,0,0,904.046568061146,1.07587454924807,"0",0,0
"29",2012,0,0,2677.94904652015,3.18693452873028,0,0,0,0,540.820763328361,0.64361208318922,"0",0,0,0,0,1233.08171513065,1.46744789629299,"0",0,0,NA,NA,NA,NA,NA,NA,NA,0,0,904.046568061146,1.07587454924807,"0",0,0
"30",2013,0,0,2677.94904652015,3.18693452873028,0,0,0,0,540.820763328361,0.64361208318922,"0",0,0,0,0,1233.08171513065,1.46744789629299,"0",0,0,NA,NA,NA,NA,NA,NA,NA,0,0,904.046568061146,1.07587454924807,"0",0,0
"31",2014,272.67508754478,0.324501189725855,2950.62413406493,3.51143571845614,874.931132,1,272.67508754478,0.324501189725855,813.49585087314,0.968113272915075,"2014/09/06",874.931132,1,0,0,1233.08171513065,1.46744789629299,"0",0,0,NA,NA,NA,NA,NA,NA,NA,0,0,904.046568061146,1.07587454924807,"0",0,0
"32",2015,0,0,2950.62413406493,3.51143571845614,0,0,0,0,813.49585087314,0.968113272915075,"0",0,0,0,0,1233.08171513065,1.46744789629299,"0",0,0,NA,NA,NA,NA,NA,NA,NA,0,0,904.046568061146,1.07587454924807,"0",0,0
