"","Year","ZoneTotalBurned_ha","ZoneTotalBurned_pct","ZoneTotalBurned_ha_cum","ZoneTotalBurned_pct_cum","WholeFire_ha","nTotalFires","wildfire_ha","wildfire_pct","wildfire_ha_cum","wildfire_pct_cum","wildfire_IgDate","Wholewildfire_ha","nWildfires","Rxfire_ha","Rxfire_pct","Rxfire_ha_cum","Rxfire_pct_cum","Rxfire_IgDate","WholeRxfire_ha","nRxfires","WLFU_ha","WLFU_pct","WLFU_ha_cum","WLFU_pct_cum","WLFU_IgDate","WholeWLFU_ha","nWLFUfires","unknown_fire_ha","unknown_fire_pct","unknown_fire_ha_cum","unknown_fire_pct_cum","unknown_fire_IgDate","Wholeunknown_fire_ha","nUnknownfires"
"1",1984,0,0,0,0,0,0,0,0,0,0,"0",0,0,0,0,0,0,"0",0,0,NA,NA,NA,NA,NA,NA,NA,0,0,0,0,"0",0,0
"2",1985,0,0,0,0,0,0,0,0,0,0,"0",0,0,0,0,0,0,"0",0,0,NA,NA,NA,NA,NA,NA,NA,0,0,0,0,"0",0,0
"3",1986,0,0,0,0,0,0,0,0,0,0,"0",0,0,0,0,0,0,"0",0,0,NA,NA,NA,NA,NA,NA,NA,0,0,0,0,"0",0,0
"4",1987,0,0,0,0,0,0,0,0,0,0,"0",0,0,0,0,0,0,"0",0,0,NA,NA,NA,NA,NA,NA,NA,0,0,0,0,"0",0,0
"5",1988,0,0,0,0,0,0,0,0,0,0,"0",0,0,0,0,0,0,"0",0,0,NA,NA,NA,NA,NA,NA,NA,0,0,0,0,"0",0,0
"6",1989,0,0,0,0,0,0,0,0,0,0,"0",0,0,0,0,0,0,"0",0,0,NA,NA,NA,NA,NA,NA,NA,0,0,0,0,"0",0,0
"7",1990,387.961856500029,0.422635003683505,387.961856500029,0.422635003683505,1550.352066,1,387.961856500029,0.422635003683505,387.961856500029,0.422635003683505,"1990/10/23",1550.352066,1,0,0,0,0,"0",0,0,NA,NA,NA,NA,NA,NA,NA,0,0,0,0,"0",0,0
"8",1991,0,0,387.961856500029,0.422635003683505,0,0,0,0,387.961856500029,0.422635003683505,"0",0,0,0,0,0,0,"0",0,0,NA,NA,NA,NA,NA,NA,NA,0,0,0,0,"0",0,0
"9",1992,304.864886164683,0.332111443762958,692.826742664713,0.754746447446463,767.284656,1,304.864886164683,0.332111443762958,692.826742664713,0.754746447446463,"1992/09/09",767.284656,1,0,0,0,0,"0",0,0,NA,NA,NA,NA,NA,NA,NA,0,0,0,0,"0",0,0
"10",1993,0,0,692.826742664713,0.754746447446463,0,0,0,0,692.826742664713,0.754746447446463,"0",0,0,0,0,0,0,"0",0,0,NA,NA,NA,NA,NA,NA,NA,0,0,0,0,"0",0,0
"11",1994,0,0,692.826742664713,0.754746447446463,0,0,0,0,692.826742664713,0.754746447446463,"0",0,0,0,0,0,0,"0",0,0,NA,NA,NA,NA,NA,NA,NA,0,0,0,0,"0",0,0
"12",1995,0,0,692.826742664713,0.754746447446463,0,0,0,0,692.826742664713,0.754746447446463,"0",0,0,0,0,0,0,"0",0,0,NA,NA,NA,NA,NA,NA,NA,0,0,0,0,"0",0,0
"13",1996,85.8664798854985,0.0935405876497411,778.693222550211,0.848287035096204,462.151412,1,85.8664798854985,0.0935405876497411,778.693222550211,0.848287035096204,"1996/02/16",462.151412,1,0,0,0,0,"0",0,0,NA,NA,NA,NA,NA,NA,NA,0,0,0,0,"0",0,0
"14",1997,781.456172877279,0.851296917387706,1560.14939542749,1.69958395248391,5564.837186,2,774.912058297161,0.844167938485954,1553.60528084737,1.69245497358216,"1997/10/20",3479.085542,1,0,0,0,0,"0",0,0,NA,NA,NA,NA,NA,NA,NA,6.54411458011784,0.00712897890175235,6.54411458011784,0.00712897890175235,"1997/10/17",2085.751644,1
"15",1998,0,0,1560.14939542749,1.69958395248391,0,0,0,0,1553.60528084737,1.69245497358216,"0",0,0,0,0,0,0,"0",0,0,NA,NA,NA,NA,NA,NA,NA,0,0,6.54411458011784,0.00712897890175235,"0",0,0
"16",1999,0,0,1560.14939542749,1.69958395248391,0,0,0,0,1553.60528084737,1.69245497358216,"0",0,0,0,0,0,0,"0",0,0,NA,NA,NA,NA,NA,NA,NA,0,0,6.54411458011784,0.00712897890175235,"0",0,0
"17",2000,0,0,1560.14939542749,1.69958395248391,0,0,0,0,1553.60528084737,1.69245497358216,"0",0,0,0,0,0,0,"0",0,0,NA,NA,NA,NA,NA,NA,NA,0,0,6.54411458011784,0.00712897890175235,"0",0,0
"18",2001,0,0,1560.14939542749,1.69958395248391,0,0,0,0,1553.60528084737,1.69245497358216,"0",0,0,0,0,0,0,"0",0,0,NA,NA,NA,NA,NA,NA,NA,0,0,6.54411458011784,0.00712897890175235,"0",0,0
"19",2002,0,0,1560.14939542749,1.69958395248391,0,0,0,0,1553.60528084737,1.69245497358216,"0",0,0,0,0,0,0,"0",0,0,NA,NA,NA,NA,NA,NA,NA,0,0,6.54411458011784,0.00712897890175235,"0",0,0
"20",2003,867.191643672333,0.944694787328232,2427.34103909982,2.64427873981214,5435.742352,2,867.191643672333,0.944694787328232,2420.7969245197,2.63714976091039,"2003/08/19",5435.742352,2,0,0,0,0,"0",0,0,NA,NA,NA,NA,NA,NA,NA,0,0,6.54411458011784,0.00712897890175235,"0",0,0
"21",2004,10.3993373659772,0.01132875284603,2437.7403764658,2.65560749265817,1012.119686,1,0,0,2420.7969245197,2.63714976091039,"0",0,0,10.3993373659772,0.01132875284603,10.3993373659772,0.01132875284603,"2004/11/08",1012.119686,1,NA,NA,NA,NA,NA,NA,NA,0,0,6.54411458011784,0.00712897890175235,"0",0,0
"22",2005,771.766266230854,0.840740998906054,3209.50664269665,3.49634849156423,1432.58844,1,771.766266230854,0.840740998906054,3192.56319075056,3.47789075981644,"2005/09/03",1432.58844,1,0,0,10.3993373659772,0.01132875284603,"0",0,0,NA,NA,NA,NA,NA,NA,NA,0,0,6.54411458011784,0.00712897890175235,"0",0,0
"23",2006,141.205494986287,0.153825392609585,3350.71213768294,3.65017388417381,2180.448168,1,0,0,3192.56319075056,3.47789075981644,"0",0,0,141.205494986287,0.153825392609585,151.604832352264,0.165154145455615,"2006/12/01",2180.448168,1,NA,NA,NA,NA,NA,NA,NA,0,0,6.54411458011784,0.00712897890175235,"0",0,0
"24",2007,0,0,3350.71213768294,3.65017388417381,0,0,0,0,3192.56319075056,3.47789075981644,"0",0,0,0,0,151.604832352264,0.165154145455615,"0",0,0,NA,NA,NA,NA,NA,NA,NA,0,0,6.54411458011784,0.00712897890175235,"0",0,0
"25",2008,0,0,3350.71213768294,3.65017388417381,0,0,0,0,3192.56319075056,3.47789075981644,"0",0,0,0,0,151.604832352264,0.165154145455615,"0",0,0,NA,NA,NA,NA,NA,NA,NA,0,0,6.54411458011784,0.00712897890175235,"0",0,0
"26",2009,763.236126738443,0.831448498946601,4113.94826442138,4.48162238312041,1307.945152,1,763.236126738443,0.831448498946601,3955.799317489,4.30933925876305,"2009/06/30",1307.945152,1,0,0,151.604832352264,0.165154145455615,"0",0,0,NA,NA,NA,NA,NA,NA,NA,0,0,6.54411458011784,0.00712897890175235,"0",0,0
"27",2010,123.677096773631,0.134730436445586,4237.62536119501,4.616352819566,2273.930634,1,0,0,3955.799317489,4.30933925876305,"0",0,0,123.677096773631,0.134730436445586,275.281929125895,0.299884581901201,"2010/01/08",2273.930634,1,NA,NA,NA,NA,NA,NA,NA,0,0,6.54411458011784,0.00712897890175235,"0",0,0
"28",2011,0,0,4237.62536119501,4.616352819566,0,0,0,0,3955.799317489,4.30933925876305,"0",0,0,0,0,275.281929125895,0.299884581901201,"0",0,0,NA,NA,NA,NA,NA,NA,NA,0,0,6.54411458011784,0.00712897890175235,"0",0,0
"29",2012,325.497283706219,0.354587811645185,4563.12264490123,4.97094063121118,1479.532016,2,319.945711184947,0.348540080834368,4275.74502867395,4.65787933959741,"2012/07/28",524.473056,1,0,0,275.281929125895,0.299884581901201,"0",0,0,NA,NA,NA,NA,NA,NA,NA,5.55157252127194,0.00604773081081705,12.0956871013898,0.0131767097125694,"2012/09/16",955.05896,1
"30",2013,0,0,4563.12264490123,4.97094063121118,0,0,0,0,4275.74502867395,4.65787933959741,"0",0,0,0,0,275.281929125895,0.299884581901201,"0",0,0,NA,NA,NA,NA,NA,NA,NA,0,0,12.0956871013898,0.0131767097125694,"0",0,0
"31",2014,14.9437449345329,0.0162793057864729,4578.06638983577,4.98721993699766,553.610448,1,14.9437449345329,0.0162793057864729,4290.68877360848,4.67415864538389,"2014/06/13",553.610448,1,0,0,275.281929125895,0.299884581901201,"0",0,0,NA,NA,NA,NA,NA,NA,NA,0,0,12.0956871013898,0.0131767097125694,"0",0,0
"32",2015,0,0,4578.06638983577,4.98721993699766,0,0,0,0,4290.68877360848,4.67415864538389,"0",0,0,0,0,275.281929125895,0.299884581901201,"0",0,0,NA,NA,NA,NA,NA,NA,NA,0,0,12.0956871013898,0.0131767097125694,"0",0,0
