"","Year","ZoneTotalBurned_ha","ZoneTotalBurned_pct","ZoneTotalBurned_ha_cum","ZoneTotalBurned_pct_cum","WholeFire_ha","nTotalFires","wildfire_ha","wildfire_pct","wildfire_ha_cum","wildfire_pct_cum","wildfire_IgDate","Wholewildfire_ha","nWildfires","Rxfire_ha","Rxfire_pct","Rxfire_ha_cum","Rxfire_pct_cum","Rxfire_IgDate","WholeRxfire_ha","nRxfires","WLFU_ha","WLFU_pct","WLFU_ha_cum","WLFU_pct_cum","WLFU_IgDate","WholeWLFU_ha","nWLFUfires","unknown_fire_ha","unknown_fire_pct","unknown_fire_ha_cum","unknown_fire_pct_cum","unknown_fire_IgDate","Wholeunknown_fire_ha","nUnknownfires"
"1",1984,0,0,0,0,0,0,0,0,0,0,"0",0,0,0,0,0,0,"0",0,0,NA,NA,NA,NA,NA,NA,NA,0,0,0,0,"0",0,0
"2",1985,261.420099799447,0.122549148375223,261.420099799447,0.122549148375223,1310.777954,2,0,0,0,0,"0",0,0,0,0,0,0,"0",0,0,NA,NA,NA,NA,NA,NA,NA,261.420099799447,0.122549148375223,261.420099799447,0.122549148375223,"1985/01/09",1310.777954,2
"3",1986,82.5256059933933,0.0386865537171712,343.94570579284,0.161235702092394,820.703208,1,82.5256059933933,0.0386865537171712,82.5256059933933,0.0386865537171712,"1986/11/12",820.703208,1,0,0,0,0,"0",0,0,NA,NA,NA,NA,NA,NA,NA,0,0,261.420099799447,0.122549148375223,"0",0,0
"4",1987,0,0,343.94570579284,0.161235702092394,0,0,0,0,82.5256059933933,0.0386865537171712,"0",0,0,0,0,0,0,"0",0,0,NA,NA,NA,NA,NA,NA,NA,0,0,261.420099799447,0.122549148375223,"0",0,0
"5",1988,0,0,343.94570579284,0.161235702092394,0,0,0,0,82.5256059933933,0.0386865537171712,"0",0,0,0,0,0,0,"0",0,0,NA,NA,NA,NA,NA,NA,NA,0,0,261.420099799447,0.122549148375223,"0",0,0
"6",1989,0,0,343.94570579284,0.161235702092394,0,0,0,0,82.5256059933933,0.0386865537171712,"0",0,0,0,0,0,0,"0",0,0,NA,NA,NA,NA,NA,NA,NA,0,0,261.420099799447,0.122549148375223,"0",0,0
"7",1990,0,0,343.94570579284,0.161235702092394,0,0,0,0,82.5256059933933,0.0386865537171712,"0",0,0,0,0,0,0,"0",0,0,NA,NA,NA,NA,NA,NA,NA,0,0,261.420099799447,0.122549148375223,"0",0,0
"8",1991,0,0,343.94570579284,0.161235702092394,0,0,0,0,82.5256059933933,0.0386865537171712,"0",0,0,0,0,0,0,"0",0,0,NA,NA,NA,NA,NA,NA,NA,0,0,261.420099799447,0.122549148375223,"0",0,0
"9",1992,587.158599419544,0.275249632202176,931.104305212384,0.436485334294571,2057.018938,1,0,0,82.5256059933933,0.0386865537171712,"0",0,0,0,0,0,0,"0",0,0,NA,NA,NA,NA,NA,NA,NA,587.158599419544,0.275249632202176,848.578699218991,0.397798780577399,"1992/02/14",2057.018938,1
"10",1993,0,0,931.104305212384,0.436485334294571,0,0,0,0,82.5256059933933,0.0386865537171712,"0",0,0,0,0,0,0,"0",0,0,NA,NA,NA,NA,NA,NA,NA,0,0,848.578699218991,0.397798780577399,"0",0,0
"11",1994,0,0,931.104305212384,0.436485334294571,0,0,0,0,82.5256059933933,0.0386865537171712,"0",0,0,0,0,0,0,"0",0,0,NA,NA,NA,NA,NA,NA,NA,0,0,848.578699218991,0.397798780577399,"0",0,0
"12",1995,0,0,931.104305212384,0.436485334294571,0,0,0,0,82.5256059933933,0.0386865537171712,"0",0,0,0,0,0,0,"0",0,0,NA,NA,NA,NA,NA,NA,NA,0,0,848.578699218991,0.397798780577399,"0",0,0
"13",1996,0,0,931.104305212384,0.436485334294571,0,0,0,0,82.5256059933933,0.0386865537171712,"0",0,0,0,0,0,0,"0",0,0,NA,NA,NA,NA,NA,NA,NA,0,0,848.578699218991,0.397798780577399,"0",0,0
"14",1997,0,0,931.104305212384,0.436485334294571,0,0,0,0,82.5256059933933,0.0386865537171712,"0",0,0,0,0,0,0,"0",0,0,NA,NA,NA,NA,NA,NA,NA,0,0,848.578699218991,0.397798780577399,"0",0,0
"15",1998,0,0,931.104305212384,0.436485334294571,0,0,0,0,82.5256059933933,0.0386865537171712,"0",0,0,0,0,0,0,"0",0,0,NA,NA,NA,NA,NA,NA,NA,0,0,848.578699218991,0.397798780577399,"0",0,0
"16",1999,0,0,931.104305212384,0.436485334294571,0,0,0,0,82.5256059933933,0.0386865537171712,"0",0,0,0,0,0,0,"0",0,0,NA,NA,NA,NA,NA,NA,NA,0,0,848.578699218991,0.397798780577399,"0",0,0
"17",2000,0,0,931.104305212384,0.436485334294571,0,0,0,0,82.5256059933933,0.0386865537171712,"0",0,0,0,0,0,0,"0",0,0,NA,NA,NA,NA,NA,NA,NA,0,0,848.578699218991,0.397798780577399,"0",0,0
"18",2001,0,0,931.104305212384,0.436485334294571,0,0,0,0,82.5256059933933,0.0386865537171712,"0",0,0,0,0,0,0,"0",0,0,NA,NA,NA,NA,NA,NA,NA,0,0,848.578699218991,0.397798780577399,"0",0,0
"19",2002,0,0,931.104305212384,0.436485334294571,0,0,0,0,82.5256059933933,0.0386865537171712,"0",0,0,0,0,0,0,"0",0,0,NA,NA,NA,NA,NA,NA,NA,0,0,848.578699218991,0.397798780577399,"0",0,0
"20",2003,0,0,931.104305212384,0.436485334294571,0,0,0,0,82.5256059933933,0.0386865537171712,"0",0,0,0,0,0,0,"0",0,0,NA,NA,NA,NA,NA,NA,NA,0,0,848.578699218991,0.397798780577399,"0",0,0
"21",2004,60.5530343055402,0.028386198273861,991.657339517924,0.464871532568432,454.057692,1,0,0,82.5256059933933,0.0386865537171712,"0",0,0,0,0,0,0,"0",0,0,NA,NA,NA,NA,NA,NA,NA,60.5530343055402,0.028386198273861,909.131733524531,0.42618497885126,"2004/07/08",454.057692,1
"22",2005,0,0,991.657339517924,0.464871532568432,0,0,0,0,82.5256059933933,0.0386865537171712,"0",0,0,0,0,0,0,"0",0,0,NA,NA,NA,NA,NA,NA,NA,0,0,909.131733524531,0.42618497885126,"0",0,0
"23",2006,377.53271591512,0.176980702152119,1369.19005543304,0.64185223472055,1539.83023,1,0,0,82.5256059933933,0.0386865537171712,"0",0,0,0,0,0,0,"0",0,0,NA,NA,NA,NA,NA,NA,NA,377.53271591512,0.176980702152119,1286.66444943965,0.603165681003379,"2006/04/25",1539.83023,1
"24",2007,268.767990809661,0.125993710542962,1637.95804624271,0.767845945263513,1418.019744,1,268.767990809661,0.125993710542962,351.293596803054,0.164680264260133,"2007/07/10",1418.019744,1,0,0,0,0,"0",0,0,NA,NA,NA,NA,NA,NA,NA,0,0,1286.66444943965,0.603165681003379,"0",0,0
"25",2008,341.442571071388,0.160062276527116,1979.40061731409,0.927908221790628,344.387786,1,0,0,351.293596803054,0.164680264260133,"0",0,0,341.442571071388,0.160062276527116,341.442571071388,0.160062276527116,"2008/02/05",344.387786,1,NA,NA,NA,NA,NA,NA,NA,0,0,1286.66444943965,0.603165681003379,"0",0,0
"26",2009,402.85266755985,0.188850250489618,2382.25328487394,1.11675847228025,1730.842022,4,0,0,351.293596803054,0.164680264260133,"0",0,0,402.85266755985,0.188850250489618,744.295238631238,0.348912527016734,"2009/06/09",1730.842022,4,NA,NA,NA,NA,NA,NA,NA,0,0,1286.66444943965,0.603165681003379,"0",0,0
"27",2010,394.166245767674,0.184778208615731,2776.41953064162,1.30153668089598,543.897984,2,0,0,351.293596803054,0.164680264260133,"0",0,0,394.166245767674,0.184778208615731,1138.46148439891,0.533690735632465,"2010/03/24",543.897984,2,NA,NA,NA,NA,NA,NA,NA,0,0,1286.66444943965,0.603165681003379,"0",0,0
"28",2011,144.000668588314,0.067504982648614,2920.42019922993,1.36904166354459,912.971616,2,0,0,351.293596803054,0.164680264260133,"0",0,0,144.000668588314,0.067504982648614,1282.46215298723,0.601195718281079,"2011/07/19",912.971616,2,NA,NA,NA,NA,NA,NA,NA,0,0,1286.66444943965,0.603165681003379,"0",0,0
"29",2012,593.156686343801,0.27806142993698,3513.57688557373,1.64710309348157,1393.333898,4,0,0,351.293596803054,0.164680264260133,"0",0,0,593.156686343801,0.27806142993698,1875.61883933103,0.879257148218059,"2012/03/01",1393.333898,4,NA,NA,NA,NA,NA,NA,NA,0,0,1286.66444943965,0.603165681003379,"0",0,0
"30",2013,0,0,3513.57688557373,1.64710309348157,0,0,0,0,351.293596803054,0.164680264260133,"0",0,0,0,0,1875.61883933103,0.879257148218059,"0",0,0,NA,NA,NA,NA,NA,NA,NA,0,0,1286.66444943965,0.603165681003379,"0",0,0
"31",2014,0,0,3513.57688557373,1.64710309348157,0,0,0,0,351.293596803054,0.164680264260133,"0",0,0,0,0,1875.61883933103,0.879257148218059,"0",0,0,NA,NA,NA,NA,NA,NA,NA,0,0,1286.66444943965,0.603165681003379,"0",0,0
"32",2015,0,0,3513.57688557373,1.64710309348157,0,0,0,0,351.293596803054,0.164680264260133,"0",0,0,0,0,1875.61883933103,0.879257148218059,"0",0,0,NA,NA,NA,NA,NA,NA,NA,0,0,1286.66444943965,0.603165681003379,"0",0,0
