"","Year","ZoneTotalBurned_ha","ZoneTotalBurned_pct","ZoneTotalBurned_ha_cum","ZoneTotalBurned_pct_cum","WholeFire_ha","nTotalFires","wildfire_ha","wildfire_pct","wildfire_ha_cum","wildfire_pct_cum","wildfire_IgDate","Wholewildfire_ha","nWildfires","Rxfire_ha","Rxfire_pct","Rxfire_ha_cum","Rxfire_pct_cum","Rxfire_IgDate","WholeRxfire_ha","nRxfires","WLFU_ha","WLFU_pct","WLFU_ha_cum","WLFU_pct_cum","WLFU_IgDate","WholeWLFU_ha","nWLFUfires","unknown_fire_ha","unknown_fire_pct","unknown_fire_ha_cum","unknown_fire_pct_cum","unknown_fire_IgDate","Wholeunknown_fire_ha","nUnknownfires"
"1",1984,0,0,0,0,0,0,0,0,0,0,"0",0,0,0,0,0,0,"0",0,0,NA,NA,NA,NA,NA,NA,NA,0,0,0,0,"0",0,0
"2",1985,0,0,0,0,0,0,0,0,0,0,"0",0,0,0,0,0,0,"0",0,0,NA,NA,NA,NA,NA,NA,NA,0,0,0,0,"0",0,0
"3",1986,0,0,0,0,0,0,0,0,0,0,"0",0,0,0,0,0,0,"0",0,0,NA,NA,NA,NA,NA,NA,NA,0,0,0,0,"0",0,0
"4",1987,501.234326385978,0.519785691715866,501.234326385978,0.519785691715866,1067.966354,1,501.234326385978,0.519785691715866,501.234326385978,0.519785691715866,"1987/08/20",1067.966354,1,0,0,0,0,"0",0,0,NA,NA,NA,NA,NA,NA,NA,0,0,0,0,"0",0,0
"5",1988,0,0,501.234326385978,0.519785691715866,0,0,0,0,501.234326385978,0.519785691715866,"0",0,0,0,0,0,0,"0",0,0,NA,NA,NA,NA,NA,NA,NA,0,0,0,0,"0",0,0
"6",1989,0,0,501.234326385978,0.519785691715866,0,0,0,0,501.234326385978,0.519785691715866,"0",0,0,0,0,0,0,"0",0,0,NA,NA,NA,NA,NA,NA,NA,0,0,0,0,"0",0,0
"7",1990,0,0,501.234326385978,0.519785691715866,0,0,0,0,501.234326385978,0.519785691715866,"0",0,0,0,0,0,0,"0",0,0,NA,NA,NA,NA,NA,NA,NA,0,0,0,0,"0",0,0
"8",1991,0,0,501.234326385978,0.519785691715866,0,0,0,0,501.234326385978,0.519785691715866,"0",0,0,0,0,0,0,"0",0,0,NA,NA,NA,NA,NA,NA,NA,0,0,0,0,"0",0,0
"9",1992,0,0,501.234326385978,0.519785691715866,0,0,0,0,501.234326385978,0.519785691715866,"0",0,0,0,0,0,0,"0",0,0,NA,NA,NA,NA,NA,NA,NA,0,0,0,0,"0",0,0
"10",1993,0,0,501.234326385978,0.519785691715866,0,0,0,0,501.234326385978,0.519785691715866,"0",0,0,0,0,0,0,"0",0,0,NA,NA,NA,NA,NA,NA,NA,0,0,0,0,"0",0,0
"11",1994,203.972164961622,0.211521452690208,705.2064913476,0.731307144406074,610.266488,1,203.972164961622,0.211521452690208,705.2064913476,0.731307144406074,"1994/10/29",610.266488,1,0,0,0,0,"0",0,0,NA,NA,NA,NA,NA,NA,NA,0,0,0,0,"0",0,0
"12",1995,0,0,705.2064913476,0.731307144406074,0,0,0,0,705.2064913476,0.731307144406074,"0",0,0,0,0,0,0,"0",0,0,NA,NA,NA,NA,NA,NA,NA,0,0,0,0,"0",0,0
"13",1996,515.090873500914,0.534155088518479,1220.29736484851,1.26546223292455,724.38794,1,0,0,705.2064913476,0.731307144406074,"0",0,0,0,0,0,0,"0",0,0,NA,NA,NA,NA,NA,NA,NA,515.090873500914,0.534155088518479,515.090873500914,0.534155088518479,"1996/12/09",724.38794,1
"14",1997,0,0,1220.29736484851,1.26546223292455,0,0,0,0,705.2064913476,0.731307144406074,"0",0,0,0,0,0,0,"0",0,0,NA,NA,NA,NA,NA,NA,NA,0,0,515.090873500914,0.534155088518479,"0",0,0
"15",1998,662.405144126757,0.686921661009581,1882.70250897527,1.95238389393413,1821.896372,1,0,0,705.2064913476,0.731307144406074,"0",0,0,0,0,0,0,"0",0,0,NA,NA,NA,NA,NA,NA,NA,662.405144126757,0.686921661009581,1177.49601762767,1.22107674952806,"1998/12/30",1821.896372,1
"16",1999,0,0,1882.70250897527,1.95238389393413,0,0,0,0,705.2064913476,0.731307144406074,"0",0,0,0,0,0,0,"0",0,0,NA,NA,NA,NA,NA,NA,NA,0,0,1177.49601762767,1.22107674952806,"0",0,0
"17",2000,103.433830824008,0.107262057826977,1986.13633979928,2.05964595176111,955.868332,1,0,0,705.2064913476,0.731307144406074,"0",0,0,0,0,0,0,"0",0,0,NA,NA,NA,NA,NA,NA,NA,103.433830824008,0.107262057826977,1280.92984845168,1.32833880735504,"2000/01/10",955.868332,1
"18",2001,0,0,1986.13633979928,2.05964595176111,0,0,0,0,705.2064913476,0.731307144406074,"0",0,0,0,0,0,0,"0",0,0,NA,NA,NA,NA,NA,NA,NA,0,0,1280.92984845168,1.32833880735504,"0",0,0
"19",2002,550.189240311385,0.57055249370463,2536.32558011066,2.63019844546574,1761.193472,1,550.189240311385,0.57055249370463,1255.39573165899,1.3018596381107,"2002/12/19",1761.193472,1,0,0,0,0,"0",0,0,NA,NA,NA,NA,NA,NA,NA,0,0,1280.92984845168,1.32833880735504,"0",0,0
"20",2003,0,0,2536.32558011066,2.63019844546574,0,0,0,0,1255.39573165899,1.3018596381107,"0",0,0,0,0,0,0,"0",0,0,NA,NA,NA,NA,NA,NA,NA,0,0,1280.92984845168,1.32833880735504,"0",0,0
"21",2004,556.147545467514,0.576731323852524,3092.47312557818,3.20692976931826,929.159056,1,0,0,1255.39573165899,1.3018596381107,"0",0,0,556.147545467514,0.576731323852524,556.147545467514,0.576731323852524,"2004/11/12",929.159056,1,NA,NA,NA,NA,NA,NA,NA,0,0,1280.92984845168,1.32833880735504,"0",0,0
"22",2005,3.68725163012691,0.00382372183668064,3096.16037720831,3.21075349115495,1377.95583,1,0,0,1255.39573165899,1.3018596381107,"0",0,0,3.68725163012691,0.00382372183668064,559.834797097641,0.580555045689204,"2005/10/28",1377.95583,1,NA,NA,NA,NA,NA,NA,NA,0,0,1280.92984845168,1.32833880735504,"0",0,0
"23",2006,164.527904881816,0.170617306803729,3260.68828209012,3.38137079795867,998.360362,1,0,0,1255.39573165899,1.3018596381107,"0",0,0,164.527904881816,0.170617306803729,724.362701979457,0.751172352492934,"2006/12/08",998.360362,1,NA,NA,NA,NA,NA,NA,NA,0,0,1280.92984845168,1.32833880735504,"0",0,0
"24",2007,565.740244754704,0.586679062009975,3826.42852684483,3.96804985996865,1808.541734,2,0,0,1255.39573165899,1.3018596381107,"0",0,0,565.740244754704,0.586679062009975,1290.10294673416,1.33785141450291,"2007/10/25",1808.541734,2,NA,NA,NA,NA,NA,NA,NA,0,0,1280.92984845168,1.32833880735504,"0",0,0
"25",2008,0,0,3826.42852684483,3.96804985996865,0,0,0,0,1255.39573165899,1.3018596381107,"0",0,0,0,0,1290.10294673416,1.33785141450291,"0",0,0,NA,NA,NA,NA,NA,NA,NA,0,0,1280.92984845168,1.32833880735504,"0",0,0
"26",2009,0,0,3826.42852684483,3.96804985996865,0,0,0,0,1255.39573165899,1.3018596381107,"0",0,0,0,0,1290.10294673416,1.33785141450291,"0",0,0,NA,NA,NA,NA,NA,NA,NA,0,0,1280.92984845168,1.32833880735504,"0",0,0
"27",2010,0,0,3826.42852684483,3.96804985996865,0,0,0,0,1255.39573165899,1.3018596381107,"0",0,0,0,0,1290.10294673416,1.33785141450291,"0",0,0,NA,NA,NA,NA,NA,NA,NA,0,0,1280.92984845168,1.32833880735504,"0",0,0
"28",2011,0,0,3826.42852684483,3.96804985996865,0,0,0,0,1255.39573165899,1.3018596381107,"0",0,0,0,0,1290.10294673416,1.33785141450291,"0",0,0,NA,NA,NA,NA,NA,NA,NA,0,0,1280.92984845168,1.32833880735504,"0",0,0
"29",2012,0,0,3826.42852684483,3.96804985996865,0,0,0,0,1255.39573165899,1.3018596381107,"0",0,0,0,0,1290.10294673416,1.33785141450291,"0",0,0,NA,NA,NA,NA,NA,NA,NA,0,0,1280.92984845168,1.32833880735504,"0",0,0
"30",2013,0,0,3826.42852684483,3.96804985996865,0,0,0,0,1255.39573165899,1.3018596381107,"0",0,0,0,0,1290.10294673416,1.33785141450291,"0",0,0,NA,NA,NA,NA,NA,NA,NA,0,0,1280.92984845168,1.32833880735504,"0",0,0
"31",2014,521.692958697269,0.54100152588301,4348.1214855421,4.50905138585166,874.931132,1,521.692958697269,0.54100152588301,1777.08869035626,1.84286116399371,"2014/09/06",874.931132,1,0,0,1290.10294673416,1.33785141450291,"0",0,0,NA,NA,NA,NA,NA,NA,NA,0,0,1280.92984845168,1.32833880735504,"0",0,0
"32",2015,0,0,4348.1214855421,4.50905138585166,0,0,0,0,1777.08869035626,1.84286116399371,"0",0,0,0,0,1290.10294673416,1.33785141450291,"0",0,0,NA,NA,NA,NA,NA,NA,NA,0,0,1280.92984845168,1.32833880735504,"0",0,0
