"","Year","ZoneTotalBurned_ha","ZoneTotalBurned_pct","ZoneTotalBurned_ha_cum","ZoneTotalBurned_pct_cum","WholeFire_ha","nTotalFires","wildfire_ha","wildfire_pct","wildfire_ha_cum","wildfire_pct_cum","wildfire_IgDate","Wholewildfire_ha","nWildfires","Rxfire_ha","Rxfire_pct","Rxfire_ha_cum","Rxfire_pct_cum","Rxfire_IgDate","WholeRxfire_ha","nRxfires","WLFU_ha","WLFU_pct","WLFU_ha_cum","WLFU_pct_cum","WLFU_IgDate","WholeWLFU_ha","nWLFUfires","unknown_fire_ha","unknown_fire_pct","unknown_fire_ha_cum","unknown_fire_pct_cum","unknown_fire_IgDate","Wholeunknown_fire_ha","nUnknownfires"
"1",1984,0,0,0,0,0,0,0,0,0,0,"0",0,0,0,0,0,0,"0",0,0,NA,NA,NA,NA,NA,NA,NA,0,0,0,0,"0",0,0
"2",1985,0,0,0,0,0,0,0,0,0,0,"0",0,0,0,0,0,0,"0",0,0,NA,NA,NA,NA,NA,NA,NA,0,0,0,0,"0",0,0
"3",1986,0,0,0,0,0,0,0,0,0,0,"0",0,0,0,0,0,0,"0",0,0,NA,NA,NA,NA,NA,NA,NA,0,0,0,0,"0",0,0
"4",1987,0,0,0,0,0,0,0,0,0,0,"0",0,0,0,0,0,0,"0",0,0,NA,NA,NA,NA,NA,NA,NA,0,0,0,0,"0",0,0
"5",1988,0,0,0,0,0,0,0,0,0,0,"0",0,0,0,0,0,0,"0",0,0,NA,NA,NA,NA,NA,NA,NA,0,0,0,0,"0",0,0
"6",1989,0,0,0,0,0,0,0,0,0,0,"0",0,0,0,0,0,0,"0",0,0,NA,NA,NA,NA,NA,NA,NA,0,0,0,0,"0",0,0
"7",1990,0,0,0,0,0,0,0,0,0,0,"0",0,0,0,0,0,0,"0",0,0,NA,NA,NA,NA,NA,NA,NA,0,0,0,0,"0",0,0
"8",1991,192.967282187156,0.225199815764259,192.967282187156,0.225199815764259,259.403726,1,0,0,0,0,"0",0,0,0,0,0,0,"0",0,0,NA,NA,NA,NA,NA,NA,NA,192.967282187156,0.225199815764259,192.967282187156,0.225199815764259,"1991/12/17",259.403726,1
"9",1992,0,0,192.967282187156,0.225199815764259,0,0,0,0,0,0,"0",0,0,0,0,0,0,"0",0,0,NA,NA,NA,NA,NA,NA,NA,0,0,192.967282187156,0.225199815764259,"0",0,0
"10",1993,64.2007133310811,0.07492456052768,257.167995518237,0.300124376291939,397.401652,1,64.2007133310811,0.07492456052768,64.2007133310811,0.07492456052768,"1993/08/20",397.401652,1,0,0,0,0,"0",0,0,NA,NA,NA,NA,NA,NA,NA,0,0,192.967282187156,0.225199815764259,"0",0,0
"11",1994,0,0,257.167995518237,0.300124376291939,0,0,0,0,64.2007133310811,0.07492456052768,"0",0,0,0,0,0,0,"0",0,0,NA,NA,NA,NA,NA,NA,NA,0,0,192.967282187156,0.225199815764259,"0",0,0
"12",1995,0,0,257.167995518237,0.300124376291939,0,0,0,0,64.2007133310811,0.07492456052768,"0",0,0,0,0,0,0,"0",0,0,NA,NA,NA,NA,NA,NA,NA,0,0,192.967282187156,0.225199815764259,"0",0,0
"13",1996,191.086359159874,0.223004710384686,448.254354678111,0.523129086676625,256.570924,1,0,0,64.2007133310811,0.07492456052768,"0",0,0,0,0,0,0,"0",0,0,NA,NA,NA,NA,NA,NA,NA,191.086359159874,0.223004710384686,384.05364134703,0.448204526148945,"1996/01/29",256.570924,1
"14",1997,0,0,448.254354678111,0.523129086676625,0,0,0,0,64.2007133310811,0.07492456052768,"0",0,0,0,0,0,0,"0",0,0,NA,NA,NA,NA,NA,NA,NA,0,0,384.05364134703,0.448204526148945,"0",0,0
"15",1998,62.2669874081888,0.0726678322541712,510.5213420863,0.595796918930796,444.345228,1,0,0,64.2007133310811,0.07492456052768,"0",0,0,0,0,0,0,"0",0,0,NA,NA,NA,NA,NA,NA,NA,62.2669874081888,0.0726678322541712,446.320628755218,0.520872358403116,"1998/04/24",444.345228,1
"16",1999,0,0,510.5213420863,0.595796918930796,0,0,0,0,64.2007133310811,0.07492456052768,"0",0,0,0,0,0,0,"0",0,0,NA,NA,NA,NA,NA,NA,NA,0,0,446.320628755218,0.520872358403116,"0",0,0
"17",2000,0,0,510.5213420863,0.595796918930796,0,0,0,0,64.2007133310811,0.07492456052768,"0",0,0,0,0,0,0,"0",0,0,NA,NA,NA,NA,NA,NA,NA,0,0,446.320628755218,0.520872358403116,"0",0,0
"18",2001,0,0,510.5213420863,0.595796918930796,0,0,0,0,64.2007133310811,0.07492456052768,"0",0,0,0,0,0,0,"0",0,0,NA,NA,NA,NA,NA,NA,NA,0,0,446.320628755218,0.520872358403116,"0",0,0
"19",2002,0,0,510.5213420863,0.595796918930796,0,0,0,0,64.2007133310811,0.07492456052768,"0",0,0,0,0,0,0,"0",0,0,NA,NA,NA,NA,NA,NA,NA,0,0,446.320628755218,0.520872358403116,"0",0,0
"20",2003,0,0,510.5213420863,0.595796918930796,0,0,0,0,64.2007133310811,0.07492456052768,"0",0,0,0,0,0,0,"0",0,0,NA,NA,NA,NA,NA,NA,NA,0,0,446.320628755218,0.520872358403116,"0",0,0
"21",2004,0,0,510.5213420863,0.595796918930796,0,0,0,0,64.2007133310811,0.07492456052768,"0",0,0,0,0,0,0,"0",0,0,NA,NA,NA,NA,NA,NA,NA,0,0,446.320628755218,0.520872358403116,"0",0,0
"22",2005,0,0,510.5213420863,0.595796918930796,0,0,0,0,64.2007133310811,0.07492456052768,"0",0,0,0,0,0,0,"0",0,0,NA,NA,NA,NA,NA,NA,NA,0,0,446.320628755218,0.520872358403116,"0",0,0
"23",2006,0,0,510.5213420863,0.595796918930796,0,0,0,0,64.2007133310811,0.07492456052768,"0",0,0,0,0,0,0,"0",0,0,NA,NA,NA,NA,NA,NA,NA,0,0,446.320628755218,0.520872358403116,"0",0,0
"24",2007,0,0,510.5213420863,0.595796918930796,0,0,0,0,64.2007133310811,0.07492456052768,"0",0,0,0,0,0,0,"0",0,0,NA,NA,NA,NA,NA,NA,NA,0,0,446.320628755218,0.520872358403116,"0",0,0
"25",2008,505.672352014432,0.590137971681033,1016.19369410073,1.18593489061183,984.196352,1,0,0,64.2007133310811,0.07492456052768,"0",0,0,505.672352014432,0.590137971681033,505.672352014432,0.590137971681033,"2008/09/09",984.196352,1,NA,NA,NA,NA,NA,NA,NA,0,0,446.320628755218,0.520872358403116,"0",0,0
"26",2009,423.171147040564,0.49385607378694,1439.3648411413,1.67979096439877,1334.654428,1,0,0,64.2007133310811,0.07492456052768,"0",0,0,423.171147040564,0.49385607378694,928.843499054997,1.08399404546797,"2009/09/08",1334.654428,1,NA,NA,NA,NA,NA,NA,NA,0,0,446.320628755218,0.520872358403116,"0",0,0
"27",2010,0,0,1439.3648411413,1.67979096439877,0,0,0,0,64.2007133310811,0.07492456052768,"0",0,0,0,0,928.843499054997,1.08399404546797,"0",0,0,NA,NA,NA,NA,NA,NA,NA,0,0,446.320628755218,0.520872358403116,"0",0,0
"28",2011,148.658977643845,0.173490417637883,1588.02381878514,1.85328138203665,906.901326,1,0,0,64.2007133310811,0.07492456052768,"0",0,0,148.658977643845,0.173490417637883,1077.50247669884,1.25748446310586,"2011/08/05",906.901326,1,NA,NA,NA,NA,NA,NA,NA,0,0,446.320628755218,0.520872358403116,"0",0,0
"29",2012,1.10551431634678,0.00129017529575082,1589.12933310149,1.8545715573324,254.547494,1,0,0,64.2007133310811,0.07492456052768,"0",0,0,1.10551431634678,0.00129017529575082,1078.60799101519,1.25877463840161,"2012/04/24",254.547494,1,NA,NA,NA,NA,NA,NA,NA,0,0,446.320628755218,0.520872358403116,"0",0,0
"30",2013,0,0,1589.12933310149,1.8545715573324,0,0,0,0,64.2007133310811,0.07492456052768,"0",0,0,0,0,1078.60799101519,1.25877463840161,"0",0,0,NA,NA,NA,NA,NA,NA,NA,0,0,446.320628755218,0.520872358403116,"0",0,0
"31",2014,123.848316334622,0.144535476196529,1712.97764943611,1.99910703352893,391.331362,1,123.848316334622,0.144535476196529,188.049029665703,0.219460036724209,"2014/07/01",391.331362,1,0,0,1078.60799101519,1.25877463840161,"0",0,0,NA,NA,NA,NA,NA,NA,NA,0,0,446.320628755218,0.520872358403116,"0",0,0
"32",2015,237.28378397026,0.276918780366724,1950.26143340637,2.27602581389566,455.676436,2,237.28378397026,0.276918780366724,425.332813635963,0.496378817090933,"2015/06/21",455.676436,2,0,0,1078.60799101519,1.25877463840161,"0",0,0,NA,NA,NA,NA,NA,NA,NA,0,0,446.320628755218,0.520872358403116,"0",0,0
