"","Year","ZoneTotalBurned_ha","ZoneTotalBurned_pct","ZoneTotalBurned_ha_cum","ZoneTotalBurned_pct_cum","WholeFire_ha","nTotalFires","wildfire_ha","wildfire_pct","wildfire_ha_cum","wildfire_pct_cum","wildfire_IgDate","Wholewildfire_ha","nWildfires","Rxfire_ha","Rxfire_pct","Rxfire_ha_cum","Rxfire_pct_cum","Rxfire_IgDate","WholeRxfire_ha","nRxfires","WLFU_ha","WLFU_pct","WLFU_ha_cum","WLFU_pct_cum","WLFU_IgDate","WholeWLFU_ha","nWLFUfires","unknown_fire_ha","unknown_fire_pct","unknown_fire_ha_cum","unknown_fire_pct_cum","unknown_fire_IgDate","Wholeunknown_fire_ha","nUnknownfires"
"1",1984,496.585521389332,0.579703602204273,496.585521389332,0.579703602204273,3142.38679,1,0,0,0,0,"0",0,0,0,0,0,0,"0",0,0,NA,NA,NA,NA,NA,NA,NA,496.585521389332,0.579703602204273,496.585521389332,0.579703602204273,"1984/11/06",3142.38679,1
"2",1985,0,0,496.585521389332,0.579703602204273,0,0,0,0,0,0,"0",0,0,0,0,0,0,"0",0,0,NA,NA,NA,NA,NA,NA,NA,0,0,496.585521389332,0.579703602204273,"0",0,0
"3",1986,322.61019366904,0.376608425583023,819.195715058373,0.956312027787296,2202.301212,1,0,0,0,0,"0",0,0,0,0,0,0,"0",0,0,NA,NA,NA,NA,NA,NA,NA,322.61019366904,0.376608425583023,819.195715058373,0.956312027787296,"1986/01/28",2202.301212,1
"4",1987,0,0,819.195715058373,0.956312027787296,0,0,0,0,0,0,"0",0,0,0,0,0,0,"0",0,0,NA,NA,NA,NA,NA,NA,NA,0,0,819.195715058373,0.956312027787296,"0",0,0
"5",1988,0,0,819.195715058373,0.956312027787296,0,0,0,0,0,0,"0",0,0,0,0,0,0,"0",0,0,NA,NA,NA,NA,NA,NA,NA,0,0,819.195715058373,0.956312027787296,"0",0,0
"6",1989,0,0,819.195715058373,0.956312027787296,0,0,0,0,0,0,"0",0,0,0,0,0,0,"0",0,0,NA,NA,NA,NA,NA,NA,NA,0,0,819.195715058373,0.956312027787296,"0",0,0
"7",1990,0,0,819.195715058373,0.956312027787296,0,0,0,0,0,0,"0",0,0,0,0,0,0,"0",0,0,NA,NA,NA,NA,NA,NA,NA,0,0,819.195715058373,0.956312027787296,"0",0,0
"8",1991,23.3510314221673,0.0272595080757551,842.54674648054,0.983571535863051,614.718034,1,0,0,0,0,"0",0,0,0,0,0,0,"0",0,0,NA,NA,NA,NA,NA,NA,NA,23.3510314221673,0.0272595080757551,842.54674648054,0.983571535863051,"1991/02/11",614.718034,1
"9",1992,0,0,842.54674648054,0.983571535863051,0,0,0,0,0,0,"0",0,0,0,0,0,0,"0",0,0,NA,NA,NA,NA,NA,NA,NA,0,0,842.54674648054,0.983571535863051,"0",0,0
"10",1993,182.12901348883,0.212613619684268,1024.67575996937,1.19618515554732,309.58479,1,0,0,0,0,"0",0,0,0,0,0,0,"0",0,0,NA,NA,NA,NA,NA,NA,NA,182.12901348883,0.212613619684268,1024.67575996937,1.19618515554732,"1993/01/31",309.58479,1
"11",1994,345.670304892962,0.403528319474286,1370.34606486233,1.5997134750216,971.2464,1,0,0,0,0,"0",0,0,0,0,0,0,"0",0,0,NA,NA,NA,NA,NA,NA,NA,345.670304892962,0.403528319474286,1370.34606486233,1.5997134750216,"1994/02/03",971.2464,1
"12",1995,0,0,1370.34606486233,1.5997134750216,0,0,0,0,0,0,"0",0,0,0,0,0,0,"0",0,0,NA,NA,NA,NA,NA,NA,NA,0,0,1370.34606486233,1.5997134750216,"0",0,0
"13",1996,0,0,1370.34606486233,1.5997134750216,0,0,0,0,0,0,"0",0,0,0,0,0,0,"0",0,0,NA,NA,NA,NA,NA,NA,NA,0,0,1370.34606486233,1.5997134750216,"0",0,0
"14",1997,0,0,1370.34606486233,1.5997134750216,0,0,0,0,0,0,"0",0,0,0,0,0,0,"0",0,0,NA,NA,NA,NA,NA,NA,NA,0,0,1370.34606486233,1.5997134750216,"0",0,0
"15",1998,0,0,1370.34606486233,1.5997134750216,0,0,0,0,0,0,"0",0,0,0,0,0,0,"0",0,0,NA,NA,NA,NA,NA,NA,NA,0,0,1370.34606486233,1.5997134750216,"0",0,0
"16",1999,0,0,1370.34606486233,1.5997134750216,0,0,0,0,0,0,"0",0,0,0,0,0,0,"0",0,0,NA,NA,NA,NA,NA,NA,NA,0,0,1370.34606486233,1.5997134750216,"0",0,0
"17",2000,0,0,1370.34606486233,1.5997134750216,0,0,0,0,0,0,"0",0,0,0,0,0,0,"0",0,0,NA,NA,NA,NA,NA,NA,NA,0,0,1370.34606486233,1.5997134750216,"0",0,0
"18",2001,0,0,1370.34606486233,1.5997134750216,0,0,0,0,0,0,"0",0,0,0,0,0,0,"0",0,0,NA,NA,NA,NA,NA,NA,NA,0,0,1370.34606486233,1.5997134750216,"0",0,0
"19",2002,0,0,1370.34606486233,1.5997134750216,0,0,0,0,0,0,"0",0,0,0,0,0,0,"0",0,0,NA,NA,NA,NA,NA,NA,NA,0,0,1370.34606486233,1.5997134750216,"0",0,0
"20",2003,0,0,1370.34606486233,1.5997134750216,0,0,0,0,0,0,"0",0,0,0,0,0,0,"0",0,0,NA,NA,NA,NA,NA,NA,NA,0,0,1370.34606486233,1.5997134750216,"0",0,0
"21",2004,184.856567924048,0.215797709963179,1555.20263278638,1.81551118498478,1252.907856,1,0,0,0,0,"0",0,0,0,0,0,0,"0",0,0,NA,NA,NA,NA,NA,NA,NA,184.856567924048,0.215797709963179,1555.20263278638,1.81551118498478,"2004/07/08",1252.907856,1
"22",2005,0,0,1555.20263278638,1.81551118498478,0,0,0,0,0,0,"0",0,0,0,0,0,0,"0",0,0,NA,NA,NA,NA,NA,NA,NA,0,0,1555.20263278638,1.81551118498478,"0",0,0
"23",2006,115.867136940364,0.135260884114185,1671.06976972674,1.95077206909897,1106.411524,1,0,0,0,0,"0",0,0,0,0,0,0,"0",0,0,NA,NA,NA,NA,NA,NA,NA,115.867136940364,0.135260884114185,1671.06976972674,1.95077206909897,"2006/03/08",1106.411524,1
"24",2007,112.470063260606,0.131295211003944,1783.53983298735,2.08206728010291,395.378222,1,112.470063260606,0.131295211003944,112.470063260606,0.131295211003944,"2007/06/19",395.378222,1,0,0,0,0,"0",0,0,NA,NA,NA,NA,NA,NA,NA,0,0,1671.06976972674,1.95077206909897,"0",0,0
"25",2008,600.032317342261,0.700465238755063,2383.57215032961,2.78253251885798,904.47321,3,0,0,112.470063260606,0.131295211003944,"0",0,0,600.032317342261,0.700465238755063,600.032317342261,0.700465238755063,"2008/06/30",904.47321,3,NA,NA,NA,NA,NA,NA,NA,0,0,1671.06976972674,1.95077206909897,"0",0,0
"26",2009,0,0,2383.57215032961,2.78253251885798,0,0,0,0,112.470063260606,0.131295211003944,"0",0,0,0,0,600.032317342261,0.700465238755063,"0",0,0,NA,NA,NA,NA,NA,NA,NA,0,0,1671.06976972674,1.95077206909897,"0",0,0
"27",2010,199.745799534947,0.233179089055231,2583.31794986456,3.01571160791321,251.310006,1,0,0,112.470063260606,0.131295211003944,"0",0,0,199.745799534947,0.233179089055231,799.778116877208,0.933644327810294,"2010/06/17",251.310006,1,NA,NA,NA,NA,NA,NA,NA,0,0,1671.06976972674,1.95077206909897,"0",0,0
"28",2011,111.897417054283,0.130626715741204,2695.21536691884,3.14633832365441,416.82658,1,0,0,112.470063260606,0.131295211003944,"0",0,0,111.897417054283,0.130626715741204,911.675533931491,1.0642710435515,"2011/08/01",416.82658,1,NA,NA,NA,NA,NA,NA,NA,0,0,1671.06976972674,1.95077206909897,"0",0,0
"29",2012,0,0,2695.21536691884,3.14633832365441,0,0,0,0,112.470063260606,0.131295211003944,"0",0,0,0,0,911.675533931491,1.0642710435515,"0",0,0,NA,NA,NA,NA,NA,NA,NA,0,0,1671.06976972674,1.95077206909897,"0",0,0
"30",2013,0,0,2695.21536691884,3.14633832365441,0,0,0,0,112.470063260606,0.131295211003944,"0",0,0,0,0,911.675533931491,1.0642710435515,"0",0,0,NA,NA,NA,NA,NA,NA,NA,0,0,1671.06976972674,1.95077206909897,"0",0,0
"31",2014,0,0,2695.21536691884,3.14633832365441,0,0,0,0,112.470063260606,0.131295211003944,"0",0,0,0,0,911.675533931491,1.0642710435515,"0",0,0,NA,NA,NA,NA,NA,NA,NA,0,0,1671.06976972674,1.95077206909897,"0",0,0
"32",2015,0,0,2695.21536691884,3.14633832365441,0,0,0,0,112.470063260606,0.131295211003944,"0",0,0,0,0,911.675533931491,1.0642710435515,"0",0,0,NA,NA,NA,NA,NA,NA,NA,0,0,1671.06976972674,1.95077206909897,"0",0,0
