"","Year","ZoneTotalBurned_ha","ZoneTotalBurned_pct","ZoneTotalBurned_ha_cum","ZoneTotalBurned_pct_cum","WholeFire_ha","nTotalFires","wildfire_ha","wildfire_pct","wildfire_ha_cum","wildfire_pct_cum","wildfire_IgDate","Wholewildfire_ha","nWildfires","Rxfire_ha","Rxfire_pct","Rxfire_ha_cum","Rxfire_pct_cum","Rxfire_IgDate","WholeRxfire_ha","nRxfires","WLFU_ha","WLFU_pct","WLFU_ha_cum","WLFU_pct_cum","WLFU_IgDate","WholeWLFU_ha","nWLFUfires","unknown_fire_ha","unknown_fire_pct","unknown_fire_ha_cum","unknown_fire_pct_cum","unknown_fire_IgDate","Wholeunknown_fire_ha","nUnknownfires"
"1",1984,0,0,0,0,0,0,0,0,0,0,"0",0,0,0,0,0,0,"0",0,0,NA,NA,NA,NA,NA,NA,NA,0,0,0,0,"0",0,0
"2",1985,0,0,0,0,0,0,0,0,0,0,"0",0,0,0,0,0,0,"0",0,0,NA,NA,NA,NA,NA,NA,NA,0,0,0,0,"0",0,0
"3",1986,0,0,0,0,0,0,0,0,0,0,"0",0,0,0,0,0,0,"0",0,0,NA,NA,NA,NA,NA,NA,NA,0,0,0,0,"0",0,0
"4",1987,0,0,0,0,0,0,0,0,0,0,"0",0,0,0,0,0,0,"0",0,0,NA,NA,NA,NA,NA,NA,NA,0,0,0,0,"0",0,0
"5",1988,0,0,0,0,0,0,0,0,0,0,"0",0,0,0,0,0,0,"0",0,0,NA,NA,NA,NA,NA,NA,NA,0,0,0,0,"0",0,0
"6",1989,0,0,0,0,0,0,0,0,0,0,"0",0,0,0,0,0,0,"0",0,0,NA,NA,NA,NA,NA,NA,NA,0,0,0,0,"0",0,0
"7",1990,521.376955925359,0.461831628072769,521.376955925359,0.461831628072769,1550.352066,1,521.376955925359,0.461831628072769,521.376955925359,0.461831628072769,"1990/10/23",1550.352066,1,0,0,0,0,"0",0,0,NA,NA,NA,NA,NA,NA,NA,0,0,0,0,"0",0,0
"8",1991,0,0,521.376955925359,0.461831628072769,0,0,0,0,521.376955925359,0.461831628072769,"0",0,0,0,0,0,0,"0",0,0,NA,NA,NA,NA,NA,NA,NA,0,0,0,0,"0",0,0
"9",1992,0,0,521.376955925359,0.461831628072769,0,0,0,0,521.376955925359,0.461831628072769,"0",0,0,0,0,0,0,"0",0,0,NA,NA,NA,NA,NA,NA,NA,0,0,0,0,"0",0,0
"10",1993,0,0,521.376955925359,0.461831628072769,0,0,0,0,521.376955925359,0.461831628072769,"0",0,0,0,0,0,0,"0",0,0,NA,NA,NA,NA,NA,NA,NA,0,0,0,0,"0",0,0
"11",1994,56.6676211470736,0.0501957354193279,578.044577072432,0.512027363492097,1324.537278,1,0,0,521.376955925359,0.461831628072769,"0",0,0,0,0,0,0,"0",0,0,NA,NA,NA,NA,NA,NA,NA,56.6676211470736,0.0501957354193279,56.6676211470736,0.0501957354193279,"1994/11/26",1324.537278,1
"12",1995,0,0,578.044577072432,0.512027363492097,0,0,0,0,521.376955925359,0.461831628072769,"0",0,0,0,0,0,0,"0",0,0,NA,NA,NA,NA,NA,NA,NA,0,0,56.6676211470736,0.0501957354193279,"0",0,0
"13",1996,0,0,578.044577072432,0.512027363492097,0,0,0,0,521.376955925359,0.461831628072769,"0",0,0,0,0,0,0,"0",0,0,NA,NA,NA,NA,NA,NA,NA,0,0,56.6676211470736,0.0501957354193279,"0",0,0
"14",1997,450.926781746093,0.39942741501837,1028.97135881853,0.911454778510467,5564.837186,2,354.543506625085,0.314051864061926,875.920462550443,0.775883492134695,"1997/10/20",3479.085542,1,0,0,0,0,"0",0,0,NA,NA,NA,NA,NA,NA,NA,96.3832751210087,0.0853755509564439,153.050896268082,0.135571286375772,"1997/10/17",2085.751644,1
"15",1998,0,0,1028.97135881853,0.911454778510467,0,0,0,0,875.920462550443,0.775883492134695,"0",0,0,0,0,0,0,"0",0,0,NA,NA,NA,NA,NA,NA,NA,0,0,153.050896268082,0.135571286375772,"0",0,0
"16",1999,0,0,1028.97135881853,0.911454778510467,0,0,0,0,875.920462550443,0.775883492134695,"0",0,0,0,0,0,0,"0",0,0,NA,NA,NA,NA,NA,NA,NA,0,0,153.050896268082,0.135571286375772,"0",0,0
"17",2000,0,0,1028.97135881853,0.911454778510467,0,0,0,0,875.920462550443,0.775883492134695,"0",0,0,0,0,0,0,"0",0,0,NA,NA,NA,NA,NA,NA,NA,0,0,153.050896268082,0.135571286375772,"0",0,0
"18",2001,0,0,1028.97135881853,0.911454778510467,0,0,0,0,875.920462550443,0.775883492134695,"0",0,0,0,0,0,0,"0",0,0,NA,NA,NA,NA,NA,NA,NA,0,0,153.050896268082,0.135571286375772,"0",0,0
"19",2002,0,0,1028.97135881853,0.911454778510467,0,0,0,0,875.920462550443,0.775883492134695,"0",0,0,0,0,0,0,"0",0,0,NA,NA,NA,NA,NA,NA,NA,0,0,153.050896268082,0.135571286375772,"0",0,0
"20",2003,956.902615928061,0.847616849956091,1985.87397474659,1.75907162846656,7167.798432,3,950.899675279588,0.842299492099359,1826.82013783003,1.61818298423405,"2003/08/19",5435.742352,2,0,0,0,0,"0",0,0,NA,NA,NA,NA,NA,NA,NA,6.00294064847305,0.00531735785673161,159.053836916555,0.140888644232503,"2003/01/19",1732.05608,1
"21",2004,98.8629856255,0.087572059118961,2084.73696037209,1.84664368758552,1012.119686,1,0,0,1826.82013783003,1.61818298423405,"0",0,0,98.8629856255,0.087572059118961,98.8629856255,0.087572059118961,"2004/11/08",1012.119686,1,NA,NA,NA,NA,NA,NA,NA,0,0,159.053836916555,0.140888644232503,"0",0,0
"22",2005,340.388768167709,0.301513707489371,2425.1257285398,2.14815739507489,1432.58844,1,340.388768167709,0.301513707489371,2167.20890599774,1.91969669172343,"2005/09/03",1432.58844,1,0,0,98.8629856255,0.087572059118961,"0",0,0,NA,NA,NA,NA,NA,NA,NA,0,0,159.053836916555,0.140888644232503,"0",0,0
"23",2006,261.894365414331,0.231983979705656,2687.02009395413,2.38014137478055,2180.448168,1,0,0,2167.20890599774,1.91969669172343,"0",0,0,261.894365414331,0.231983979705656,360.757351039831,0.319556038824617,"2006/12/01",2180.448168,1,NA,NA,NA,NA,NA,NA,NA,0,0,159.053836916555,0.140888644232503,"0",0,0
"24",2007,0,0,2687.02009395413,2.38014137478055,0,0,0,0,2167.20890599774,1.91969669172343,"0",0,0,0,0,360.757351039831,0.319556038824617,"0",0,0,NA,NA,NA,NA,NA,NA,NA,0,0,159.053836916555,0.140888644232503,"0",0,0
"25",2008,0,0,2687.02009395413,2.38014137478055,0,0,0,0,2167.20890599774,1.91969669172343,"0",0,0,0,0,360.757351039831,0.319556038824617,"0",0,0,NA,NA,NA,NA,NA,NA,NA,0,0,159.053836916555,0.140888644232503,"0",0,0
"26",2009,246.956493816069,0.218752129924488,2933.9765877702,2.59889350470503,1307.945152,1,246.956493816069,0.218752129924488,2414.16539981381,2.13844882164791,"2009/06/30",1307.945152,1,0,0,360.757351039831,0.319556038824617,"0",0,0,NA,NA,NA,NA,NA,NA,NA,0,0,159.053836916555,0.140888644232503,"0",0,0
"27",2010,226.10919605472,0.200285756686043,3160.08578382492,2.79917926139108,2273.930634,1,0,0,2414.16539981381,2.13844882164791,"0",0,0,226.10919605472,0.200285756686043,586.866547094551,0.51984179551066,"2010/01/08",2273.930634,1,NA,NA,NA,NA,NA,NA,NA,0,0,159.053836916555,0.140888644232503,"0",0,0
"28",2011,0,0,3160.08578382492,2.79917926139108,0,0,0,0,2414.16539981381,2.13844882164791,"0",0,0,0,0,586.866547094551,0.51984179551066,"0",0,0,NA,NA,NA,NA,NA,NA,NA,0,0,159.053836916555,0.140888644232503,"0",0,0
"29",2012,87.1721452989076,0.077216404232016,3247.25792912382,2.87639566562309,955.05896,1,0,0,2414.16539981381,2.13844882164791,"0",0,0,0,0,586.866547094551,0.51984179551066,"0",0,0,NA,NA,NA,NA,NA,NA,NA,87.1721452989076,0.077216404232016,246.225982215463,0.218105048464519,"2012/09/16",955.05896,1
"30",2013,0,0,3247.25792912382,2.87639566562309,0,0,0,0,2414.16539981381,2.13844882164791,"0",0,0,0,0,586.866547094551,0.51984179551066,"0",0,0,NA,NA,NA,NA,NA,NA,NA,0,0,246.225982215463,0.218105048464519,"0",0,0
"31",2014,471.47905860329,0.417632461048291,3718.73698772711,3.29402812667138,1925.091302,2,471.47905860329,0.417632461048291,2885.6444584171,2.5560812826962,"2014/06/13",1925.091302,2,0,0,586.866547094551,0.51984179551066,"0",0,0,NA,NA,NA,NA,NA,NA,NA,0,0,246.225982215463,0.218105048464519,"0",0,0
"32",2015,0,0,3718.73698772711,3.29402812667138,0,0,0,0,2885.6444584171,2.5560812826962,"0",0,0,0,0,586.866547094551,0.51984179551066,"0",0,0,NA,NA,NA,NA,NA,NA,NA,0,0,246.225982215463,0.218105048464519,"0",0,0
