"","Year","ZoneTotalBurned_ha","ZoneTotalBurned_pct","ZoneTotalBurned_ha_cum","ZoneTotalBurned_pct_cum","WholeFire_ha","nTotalFires","wildfire_ha","wildfire_pct","wildfire_ha_cum","wildfire_pct_cum","wildfire_IgDate","Wholewildfire_ha","nWildfires","Rxfire_ha","Rxfire_pct","Rxfire_ha_cum","Rxfire_pct_cum","Rxfire_IgDate","WholeRxfire_ha","nRxfires","WLFU_ha","WLFU_pct","WLFU_ha_cum","WLFU_pct_cum","WLFU_IgDate","WholeWLFU_ha","nWLFUfires","unknown_fire_ha","unknown_fire_pct","unknown_fire_ha_cum","unknown_fire_pct_cum","unknown_fire_IgDate","Wholeunknown_fire_ha","nUnknownfires"
"1",1984,0,0,0,0,0,0,0,0,0,0,"0",0,0,0,0,0,0,"0",0,0,NA,NA,NA,NA,NA,NA,NA,0,0,0,0,"0",0,0
"2",1985,0,0,0,0,0,0,0,0,0,0,"0",0,0,0,0,0,0,"0",0,0,NA,NA,NA,NA,NA,NA,NA,0,0,0,0,"0",0,0
"3",1986,0,0,0,0,0,0,0,0,0,0,"0",0,0,0,0,0,0,"0",0,0,NA,NA,NA,NA,NA,NA,NA,0,0,0,0,"0",0,0
"4",1987,0,0,0,0,0,0,0,0,0,0,"0",0,0,0,0,0,0,"0",0,0,NA,NA,NA,NA,NA,NA,NA,0,0,0,0,"0",0,0
"5",1988,0,0,0,0,0,0,0,0,0,0,"0",0,0,0,0,0,0,"0",0,0,NA,NA,NA,NA,NA,NA,NA,0,0,0,0,"0",0,0
"6",1989,0,0,0,0,0,0,0,0,0,0,"0",0,0,0,0,0,0,"0",0,0,NA,NA,NA,NA,NA,NA,NA,0,0,0,0,"0",0,0
"7",1990,0,0,0,0,0,0,0,0,0,0,"0",0,0,0,0,0,0,"0",0,0,NA,NA,NA,NA,NA,NA,NA,0,0,0,0,"0",0,0
"8",1991,0,0,0,0,0,0,0,0,0,0,"0",0,0,0,0,0,0,"0",0,0,NA,NA,NA,NA,NA,NA,NA,0,0,0,0,"0",0,0
"9",1992,0,0,0,0,0,0,0,0,0,0,"0",0,0,0,0,0,0,"0",0,0,NA,NA,NA,NA,NA,NA,NA,0,0,0,0,"0",0,0
"10",1993,0,0,0,0,0,0,0,0,0,0,"0",0,0,0,0,0,0,"0",0,0,NA,NA,NA,NA,NA,NA,NA,0,0,0,0,"0",0,0
"11",1994,780.811883289967,0.686538333572605,780.811883289967,0.686538333572605,1324.537278,1,0,0,0,0,"0",0,0,0,0,0,0,"0",0,0,NA,NA,NA,NA,NA,NA,NA,780.811883289967,0.686538333572605,780.811883289967,0.686538333572605,"1994/11/26",1324.537278,1
"12",1995,0,0,780.811883289967,0.686538333572605,0,0,0,0,0,0,"0",0,0,0,0,0,0,"0",0,0,NA,NA,NA,NA,NA,NA,NA,0,0,780.811883289967,0.686538333572605,"0",0,0
"13",1996,0,0,780.811883289967,0.686538333572605,0,0,0,0,0,0,"0",0,0,0,0,0,0,"0",0,0,NA,NA,NA,NA,NA,NA,NA,0,0,780.811883289967,0.686538333572605,"0",0,0
"14",1997,901.078598878524,0.792284304236521,1681.89048216849,1.47882263780913,2085.751644,1,0,0,0,0,"0",0,0,0,0,0,0,"0",0,0,NA,NA,NA,NA,NA,NA,NA,901.078598878524,0.792284304236521,1681.89048216849,1.47882263780913,"1997/10/17",2085.751644,1
"15",1998,0,0,1681.89048216849,1.47882263780913,0,0,0,0,0,0,"0",0,0,0,0,0,0,"0",0,0,NA,NA,NA,NA,NA,NA,NA,0,0,1681.89048216849,1.47882263780913,"0",0,0
"16",1999,0,0,1681.89048216849,1.47882263780913,0,0,0,0,0,0,"0",0,0,0,0,0,0,"0",0,0,NA,NA,NA,NA,NA,NA,NA,0,0,1681.89048216849,1.47882263780913,"0",0,0
"17",2000,0,0,1681.89048216849,1.47882263780913,0,0,0,0,0,0,"0",0,0,0,0,0,0,"0",0,0,NA,NA,NA,NA,NA,NA,NA,0,0,1681.89048216849,1.47882263780913,"0",0,0
"18",2001,0,0,1681.89048216849,1.47882263780913,0,0,0,0,0,0,"0",0,0,0,0,0,0,"0",0,0,NA,NA,NA,NA,NA,NA,NA,0,0,1681.89048216849,1.47882263780913,"0",0,0
"19",2002,0,0,1681.89048216849,1.47882263780913,0,0,0,0,0,0,"0",0,0,0,0,0,0,"0",0,0,NA,NA,NA,NA,NA,NA,NA,0,0,1681.89048216849,1.47882263780913,"0",0,0
"20",2003,993.380838149612,0.873442169389886,2675.2713203181,2.35226480719901,4928.670794,2,956.807464139407,0.841284586003353,956.807464139407,0.841284586003353,"2003/11/28",3721.08777,1,0,0,0,0,"0",0,0,NA,NA,NA,NA,NA,NA,NA,36.5733740102043,0.0321575833865334,1718.4638561787,1.51098022119566,"2003/11/19",1207.583024,1
"21",2004,413.077224286871,0.363203167456646,3088.34854460497,2.71546797465566,1012.119686,1,0,0,956.807464139407,0.841284586003353,"0",0,0,413.077224286871,0.363203167456646,413.077224286871,0.363203167456646,"2004/11/08",1012.119686,1,NA,NA,NA,NA,NA,NA,NA,0,0,1718.4638561787,1.51098022119566,"0",0,0
"22",2005,135.528081079584,0.119164711664764,3223.87662568456,2.83463268632042,1824.324488,1,0,0,956.807464139407,0.841284586003353,"0",0,0,135.528081079584,0.119164711664764,548.605305366455,0.48236787912141,"2005/09/17",1824.324488,1,NA,NA,NA,NA,NA,NA,NA,0,0,1718.4638561787,1.51098022119566,"0",0,0
"23",2006,750.261564898114,0.659676595005716,3974.13819058267,3.49430928132614,2180.448168,1,0,0,956.807464139407,0.841284586003353,"0",0,0,750.261564898114,0.659676595005716,1298.86687026457,1.14204447412713,"2006/12/01",2180.448168,1,NA,NA,NA,NA,NA,NA,NA,0,0,1718.4638561787,1.51098022119566,"0",0,0
"24",2007,0,0,3974.13819058267,3.49430928132614,0,0,0,0,956.807464139407,0.841284586003353,"0",0,0,0,0,1298.86687026457,1.14204447412713,"0",0,0,NA,NA,NA,NA,NA,NA,NA,0,0,1718.4638561787,1.51098022119566,"0",0,0
"25",2008,0,0,3974.13819058267,3.49430928132614,0,0,0,0,956.807464139407,0.841284586003353,"0",0,0,0,0,1298.86687026457,1.14204447412713,"0",0,0,NA,NA,NA,NA,NA,NA,NA,0,0,1718.4638561787,1.51098022119566,"0",0,0
"26",2009,556.343537757699,0.489171813954341,4530.48172834037,3.98348109528048,798.445478,1,0,0,956.807464139407,0.841284586003353,"0",0,0,556.343537757699,0.489171813954341,1855.21040802227,1.63121628808147,"2009/01/13",798.445478,1,NA,NA,NA,NA,NA,NA,NA,0,0,1718.4638561787,1.51098022119566,"0",0,0
"27",2010,554.752031202456,0.487772462482252,5085.23375954283,4.47125355776273,2273.930634,1,0,0,956.807464139407,0.841284586003353,"0",0,0,554.752031202456,0.487772462482252,2409.96243922472,2.11898875056372,"2010/01/08",2273.930634,1,NA,NA,NA,NA,NA,NA,NA,0,0,1718.4638561787,1.51098022119566,"0",0,0
"28",2011,13.820894809237,0.0121521896552541,5099.05465435206,4.48340574741798,541.469868,1,13.820894809237,0.0121521896552541,970.628358948644,0.853436775658607,"2011/12/17",541.469868,1,0,0,2409.96243922472,2.11898875056372,"0",0,0,NA,NA,NA,NA,NA,NA,NA,0,0,1718.4638561787,1.51098022119566,"0",0,0
"29",2012,397.324621087469,0.349352499733226,5496.37927543953,4.83275824715121,955.05896,1,0,0,970.628358948644,0.853436775658607,"0",0,0,0,0,2409.96243922472,2.11898875056372,"0",0,0,NA,NA,NA,NA,NA,NA,NA,397.324621087469,0.349352499733226,2115.78847726617,1.86033272092888,"2012/09/16",955.05896,1
"30",2013,0,0,5496.37927543953,4.83275824715121,0,0,0,0,970.628358948644,0.853436775658607,"0",0,0,0,0,2409.96243922472,2.11898875056372,"0",0,0,NA,NA,NA,NA,NA,NA,NA,0,0,2115.78847726617,1.86033272092888,"0",0,0
"31",2014,0,0,5496.37927543953,4.83275824715121,0,0,0,0,970.628358948644,0.853436775658607,"0",0,0,0,0,2409.96243922472,2.11898875056372,"0",0,0,NA,NA,NA,NA,NA,NA,NA,0,0,2115.78847726617,1.86033272092888,"0",0,0
"32",2015,0,0,5496.37927543953,4.83275824715121,0,0,0,0,970.628358948644,0.853436775658607,"0",0,0,0,0,2409.96243922472,2.11898875056372,"0",0,0,NA,NA,NA,NA,NA,NA,NA,0,0,2115.78847726617,1.86033272092888,"0",0,0
