"","Year","ZoneTotalBurned_ha","ZoneTotalBurned_pct","ZoneTotalBurned_ha_cum","ZoneTotalBurned_pct_cum","WholeFire_ha","nTotalFires","wildfire_ha","wildfire_pct","wildfire_ha_cum","wildfire_pct_cum","wildfire_IgDate","Wholewildfire_ha","nWildfires","Rxfire_ha","Rxfire_pct","Rxfire_ha_cum","Rxfire_pct_cum","Rxfire_IgDate","WholeRxfire_ha","nRxfires","WLFU_ha","WLFU_pct","WLFU_ha_cum","WLFU_pct_cum","WLFU_IgDate","WholeWLFU_ha","nWLFUfires","unknown_fire_ha","unknown_fire_pct","unknown_fire_ha_cum","unknown_fire_pct_cum","unknown_fire_IgDate","Wholeunknown_fire_ha","nUnknownfires"
"1",1984,0,0,0,0,0,0,0,0,0,0,"0",0,0,0,0,0,0,"0",0,0,NA,NA,NA,NA,NA,NA,NA,0,0,0,0,"0",0,0
"2",1985,0,0,0,0,0,0,0,0,0,0,"0",0,0,0,0,0,0,"0",0,0,NA,NA,NA,NA,NA,NA,NA,0,0,0,0,"0",0,0
"3",1986,0,0,0,0,0,0,0,0,0,0,"0",0,0,0,0,0,0,"0",0,0,NA,NA,NA,NA,NA,NA,NA,0,0,0,0,"0",0,0
"4",1987,0,0,0,0,0,0,0,0,0,0,"0",0,0,0,0,0,0,"0",0,0,NA,NA,NA,NA,NA,NA,NA,0,0,0,0,"0",0,0
"5",1988,0,0,0,0,0,0,0,0,0,0,"0",0,0,0,0,0,0,"0",0,0,NA,NA,NA,NA,NA,NA,NA,0,0,0,0,"0",0,0
"6",1989,0,0,0,0,0,0,0,0,0,0,"0",0,0,0,0,0,0,"0",0,0,NA,NA,NA,NA,NA,NA,NA,0,0,0,0,"0",0,0
"7",1990,1007.59059080179,0.874164699960265,1007.59059080179,0.874164699960265,2820.256734,1,1007.59059080179,0.874164699960265,1007.59059080179,0.874164699960265,"1990/08/13",2820.256734,1,0,0,0,0,"0",0,0,NA,NA,NA,NA,NA,NA,NA,0,0,0,0,"0",0,0
"8",1991,0,0,1007.59059080179,0.874164699960265,0,0,0,0,1007.59059080179,0.874164699960265,"0",0,0,0,0,0,0,"0",0,0,NA,NA,NA,NA,NA,NA,NA,0,0,0,0,"0",0,0
"9",1992,218.358871849444,0.189443628629001,1225.94946265124,1.06360832858927,3781.385984,1,0,0,1007.59059080179,0.874164699960265,"0",0,0,0,0,0,0,"0",0,0,NA,NA,NA,NA,NA,NA,NA,218.358871849444,0.189443628629001,218.358871849444,0.189443628629001,"1992/10/03",3781.385984,1
"10",1993,0,0,1225.94946265124,1.06360832858927,0,0,0,0,1007.59059080179,0.874164699960265,"0",0,0,0,0,0,0,"0",0,0,NA,NA,NA,NA,NA,NA,NA,0,0,218.358871849444,0.189443628629001,"0",0,0
"11",1994,525.01715312144,0.455493993614195,1750.96661577268,1.51910232220346,2335.442906,1,525.01715312144,0.455493993614195,1532.60774392323,1.32965869357446,"1994/11/01",2335.442906,1,0,0,0,0,"0",0,0,NA,NA,NA,NA,NA,NA,NA,0,0,218.358871849444,0.189443628629001,"0",0,0
"12",1995,448.64217717825,0.389232648441527,2199.60879295093,1.90833497064499,770.117458,1,448.64217717825,0.389232648441527,1981.24992110148,1.71889134201599,"1995/09/09",770.117458,1,0,0,0,0,"0",0,0,NA,NA,NA,NA,NA,NA,NA,0,0,218.358871849444,0.189443628629001,"0",0,0
"13",1996,0,0,2199.60879295093,1.90833497064499,0,0,0,0,1981.24992110148,1.71889134201599,"0",0,0,0,0,0,0,"0",0,0,NA,NA,NA,NA,NA,NA,NA,0,0,218.358871849444,0.189443628629001,"0",0,0
"14",1997,464.448696631339,0.402946056904512,2664.05748958227,2.3112810275495,3479.085542,1,464.448696631339,0.402946056904512,2445.69861773282,2.1218373989205,"1997/10/20",3479.085542,1,0,0,0,0,"0",0,0,NA,NA,NA,NA,NA,NA,NA,0,0,218.358871849444,0.189443628629001,"0",0,0
"15",1998,0,0,2664.05748958227,2.3112810275495,0,0,0,0,2445.69861773282,2.1218373989205,"0",0,0,0,0,0,0,"0",0,0,NA,NA,NA,NA,NA,NA,NA,0,0,218.358871849444,0.189443628629001,"0",0,0
"16",1999,0,0,2664.05748958227,2.3112810275495,0,0,0,0,2445.69861773282,2.1218373989205,"0",0,0,0,0,0,0,"0",0,0,NA,NA,NA,NA,NA,NA,NA,0,0,218.358871849444,0.189443628629001,"0",0,0
"17",2000,0,0,2664.05748958227,2.3112810275495,0,0,0,0,2445.69861773282,2.1218373989205,"0",0,0,0,0,0,0,"0",0,0,NA,NA,NA,NA,NA,NA,NA,0,0,218.358871849444,0.189443628629001,"0",0,0
"18",2001,0,0,2664.05748958227,2.3112810275495,0,0,0,0,2445.69861773282,2.1218373989205,"0",0,0,0,0,0,0,"0",0,0,NA,NA,NA,NA,NA,NA,NA,0,0,218.358871849444,0.189443628629001,"0",0,0
"19",2002,0,0,2664.05748958227,2.3112810275495,0,0,0,0,2445.69861773282,2.1218373989205,"0",0,0,0,0,0,0,"0",0,0,NA,NA,NA,NA,NA,NA,NA,0,0,218.358871849444,0.189443628629001,"0",0,0
"20",2003,570.92061876169,0.495318888402678,3234.97810834396,2.80659991595218,3401.790516,2,0,0,2445.69861773282,2.1218373989205,"0",0,0,0,0,0,0,"0",0,0,NA,NA,NA,NA,NA,NA,NA,570.92061876169,0.495318888402678,789.279490611134,0.684762517031678,"2003/01/19",3401.790516,2
"21",2004,475.766061564217,0.41276476800722,3710.74416990817,3.2193646839594,940.89495,1,0,0,2445.69861773282,2.1218373989205,"0",0,0,475.766061564217,0.41276476800722,475.766061564217,0.41276476800722,"2004/11/05",940.89495,1,NA,NA,NA,NA,NA,NA,NA,0,0,789.279490611134,0.684762517031678,"0",0,0
"22",2005,572.127247214776,0.49636573422407,4282.87141712295,3.71573041818347,2793.142772,2,572.127247214776,0.49636573422407,3017.8258649476,2.61820313314457,"2005/08/01",2793.142772,2,0,0,475.766061564217,0.41276476800722,"0",0,0,NA,NA,NA,NA,NA,NA,NA,0,0,789.279490611134,0.684762517031678,"0",0,0
"23",2006,0,0,4282.87141712295,3.71573041818347,0,0,0,0,3017.8258649476,2.61820313314457,"0",0,0,0,0,475.766061564217,0.41276476800722,"0",0,0,NA,NA,NA,NA,NA,NA,NA,0,0,789.279490611134,0.684762517031678,"0",0,0
"24",2007,538.773631219839,0.467428828714063,4821.64504834279,4.18315924689753,1685.51719,1,0,0,3017.8258649476,2.61820313314457,"0",0,0,538.773631219839,0.467428828714063,1014.53969278406,0.880193596721283,"2007/01/09",1685.51719,1,NA,NA,NA,NA,NA,NA,NA,0,0,789.279490611134,0.684762517031678,"0",0,0
"25",2008,397.644104722025,0.344987778437558,5219.28915306481,4.52814702533509,2426.09257,2,311.355093113672,0.270125221530928,3329.18095806127,2.8883283546755,"2008/07/01",1365.005878,1,0,0,1014.53969278406,0.880193596721283,"0",0,0,NA,NA,NA,NA,NA,NA,NA,86.2890116083534,0.0748625569066298,875.568502219487,0.759625073938308,"2008/07/27",1061.086692,1
"26",2009,0,0,5219.28915306481,4.52814702533509,0,0,0,0,3329.18095806127,2.8883283546755,"0",0,0,0,0,1014.53969278406,0.880193596721283,"0",0,0,NA,NA,NA,NA,NA,NA,NA,0,0,875.568502219487,0.759625073938308,"0",0,0
"27",2010,0,0,5219.28915306481,4.52814702533509,0,0,0,0,3329.18095806127,2.8883283546755,"0",0,0,0,0,1014.53969278406,0.880193596721283,"0",0,0,NA,NA,NA,NA,NA,NA,NA,0,0,875.568502219487,0.759625073938308,"0",0,0
"28",2011,0,0,5219.28915306481,4.52814702533509,0,0,0,0,3329.18095806127,2.8883283546755,"0",0,0,0,0,1014.53969278406,0.880193596721283,"0",0,0,NA,NA,NA,NA,NA,NA,NA,0,0,875.568502219487,0.759625073938308,"0",0,0
"29",2012,923.449074733999,0.801165265647291,6142.73822779881,5.32931229098238,2304.68677,2,923.449074733999,0.801165265647291,4252.63003279527,3.68949362032279,"2012/08/09",2304.68677,2,0,0,1014.53969278406,0.880193596721283,"0",0,0,NA,NA,NA,NA,NA,NA,NA,0,0,875.568502219487,0.759625073938308,"0",0,0
"30",2013,0,0,6142.73822779881,5.32931229098238,0,0,0,0,4252.63003279527,3.68949362032279,"0",0,0,0,0,1014.53969278406,0.880193596721283,"0",0,0,NA,NA,NA,NA,NA,NA,NA,0,0,875.568502219487,0.759625073938308,"0",0,0
"31",2014,556.058048118878,0.482424430350748,6698.79627591769,5.81173672133313,1578.680086,1,556.058048118878,0.482424430350748,4808.68808091415,4.17191805067354,"2014/06/13",1578.680086,1,0,0,1014.53969278406,0.880193596721283,"0",0,0,NA,NA,NA,NA,NA,NA,NA,0,0,875.568502219487,0.759625073938308,"0",0,0
"32",2015,0,0,6698.79627591769,5.81173672133313,0,0,0,0,4808.68808091415,4.17191805067354,"0",0,0,0,0,1014.53969278406,0.880193596721283,"0",0,0,NA,NA,NA,NA,NA,NA,NA,0,0,875.568502219487,0.759625073938308,"0",0,0
