"","Year","ZoneTotalBurned_ha","ZoneTotalBurned_pct","ZoneTotalBurned_ha_cum","ZoneTotalBurned_pct_cum","WholeFire_ha","nTotalFires","wildfire_ha","wildfire_pct","wildfire_ha_cum","wildfire_pct_cum","wildfire_IgDate","Wholewildfire_ha","nWildfires","Rxfire_ha","Rxfire_pct","Rxfire_ha_cum","Rxfire_pct_cum","Rxfire_IgDate","WholeRxfire_ha","nRxfires","WLFU_ha","WLFU_pct","WLFU_ha_cum","WLFU_pct_cum","WLFU_IgDate","WholeWLFU_ha","nWLFUfires","unknown_fire_ha","unknown_fire_pct","unknown_fire_ha_cum","unknown_fire_pct_cum","unknown_fire_IgDate","Wholeunknown_fire_ha","nUnknownfires"
"1",1984,0,0,0,0,0,0,0,0,0,0,"0",0,0,0,0,0,0,"0",0,0,NA,NA,NA,NA,NA,NA,NA,0,0,0,0,"0",0,0
"2",1985,0,0,0,0,0,0,0,0,0,0,"0",0,0,0,0,0,0,"0",0,0,NA,NA,NA,NA,NA,NA,NA,0,0,0,0,"0",0,0
"3",1986,0,0,0,0,0,0,0,0,0,0,"0",0,0,0,0,0,0,"0",0,0,NA,NA,NA,NA,NA,NA,NA,0,0,0,0,"0",0,0
"4",1987,0,0,0,0,0,0,0,0,0,0,"0",0,0,0,0,0,0,"0",0,0,NA,NA,NA,NA,NA,NA,NA,0,0,0,0,"0",0,0
"5",1988,0,0,0,0,0,0,0,0,0,0,"0",0,0,0,0,0,0,"0",0,0,NA,NA,NA,NA,NA,NA,NA,0,0,0,0,"0",0,0
"6",1989,0,0,0,0,0,0,0,0,0,0,"0",0,0,0,0,0,0,"0",0,0,NA,NA,NA,NA,NA,NA,NA,0,0,0,0,"0",0,0
"7",1990,20.4958727839528,0.0211434027206888,20.4958727839528,0.0211434027206888,2820.256734,1,20.4958727839528,0.0211434027206888,20.4958727839528,0.0211434027206888,"1990/08/13",2820.256734,1,0,0,0,0,"0",0,0,NA,NA,NA,NA,NA,NA,NA,0,0,0,0,"0",0,0
"8",1991,0,0,20.4958727839528,0.0211434027206888,0,0,0,0,20.4958727839528,0.0211434027206888,"0",0,0,0,0,0,0,"0",0,0,NA,NA,NA,NA,NA,NA,NA,0,0,0,0,"0",0,0
"9",1992,0,0,20.4958727839528,0.0211434027206888,0,0,0,0,20.4958727839528,0.0211434027206888,"0",0,0,0,0,0,0,"0",0,0,NA,NA,NA,NA,NA,NA,NA,0,0,0,0,"0",0,0
"10",1993,0,0,20.4958727839528,0.0211434027206888,0,0,0,0,20.4958727839528,0.0211434027206888,"0",0,0,0,0,0,0,"0",0,0,NA,NA,NA,NA,NA,NA,NA,0,0,0,0,"0",0,0
"11",1994,386.943294537051,0.399168066308087,407.439167321004,0.420311469028775,1324.537278,1,0,0,20.4958727839528,0.0211434027206888,"0",0,0,0,0,0,0,"0",0,0,NA,NA,NA,NA,NA,NA,NA,386.943294537051,0.399168066308087,386.943294537051,0.399168066308087,"1994/11/26",1324.537278,1
"12",1995,95.8192676840669,0.0988465037035123,503.258435005071,0.519157972732288,770.117458,1,95.8192676840669,0.0988465037035123,116.31514046802,0.119989906424201,"1995/09/09",770.117458,1,0,0,0,0,"0",0,0,NA,NA,NA,NA,NA,NA,NA,0,0,386.943294537051,0.399168066308087,"0",0,0
"13",1996,0,0,503.258435005071,0.519157972732288,0,0,0,0,116.31514046802,0.119989906424201,"0",0,0,0,0,0,0,"0",0,0,NA,NA,NA,NA,NA,NA,NA,0,0,386.943294537051,0.399168066308087,"0",0,0
"14",1997,544.945324783113,0.56216188420466,1048.20375978818,1.08131985693695,2085.751644,1,0,0,116.31514046802,0.119989906424201,"0",0,0,0,0,0,0,"0",0,0,NA,NA,NA,NA,NA,NA,NA,544.945324783113,0.56216188420466,931.888619320164,0.961329950512746,"1997/10/17",2085.751644,1
"15",1998,0,0,1048.20375978818,1.08131985693695,0,0,0,0,116.31514046802,0.119989906424201,"0",0,0,0,0,0,0,"0",0,0,NA,NA,NA,NA,NA,NA,NA,0,0,931.888619320164,0.961329950512746,"0",0,0
"16",1999,0,0,1048.20375978818,1.08131985693695,0,0,0,0,116.31514046802,0.119989906424201,"0",0,0,0,0,0,0,"0",0,0,NA,NA,NA,NA,NA,NA,NA,0,0,931.888619320164,0.961329950512746,"0",0,0
"17",2000,0,0,1048.20375978818,1.08131985693695,0,0,0,0,116.31514046802,0.119989906424201,"0",0,0,0,0,0,0,"0",0,0,NA,NA,NA,NA,NA,NA,NA,0,0,931.888619320164,0.961329950512746,"0",0,0
"18",2001,0,0,1048.20375978818,1.08131985693695,0,0,0,0,116.31514046802,0.119989906424201,"0",0,0,0,0,0,0,"0",0,0,NA,NA,NA,NA,NA,NA,NA,0,0,931.888619320164,0.961329950512746,"0",0,0
"19",2002,0,0,1048.20375978818,1.08131985693695,0,0,0,0,116.31514046802,0.119989906424201,"0",0,0,0,0,0,0,"0",0,0,NA,NA,NA,NA,NA,NA,NA,0,0,931.888619320164,0.961329950512746,"0",0,0
"20",2003,780.832282698188,0.805501262836123,1829.03604248637,1.88682111977307,4928.670794,2,699.073307305433,0.721159260864225,815.388447773452,0.841149167288426,"2003/11/28",3721.08777,1,0,0,0,0,"0",0,0,NA,NA,NA,NA,NA,NA,NA,81.7589753927556,0.084342001971898,1013.64759471292,1.04567195248464,"2003/11/19",1207.583024,1
"21",2004,120.415596002603,0.124219908416302,1949.45163848898,2.01104102818937,1953.014636,2,0,0,815.388447773452,0.841149167288426,"0",0,0,120.415596002603,0.124219908416302,120.415596002603,0.124219908416302,"2004/11/05",1953.014636,2,NA,NA,NA,NA,NA,NA,NA,0,0,1013.64759471292,1.04567195248464,"0",0,0
"22",2005,88.707036930829,0.0915095749157851,2038.1586754198,2.10255060310516,1824.324488,1,0,0,815.388447773452,0.841149167288426,"0",0,0,88.707036930829,0.0915095749157851,209.122632933432,0.215729483332087,"2005/09/17",1824.324488,1,NA,NA,NA,NA,NA,NA,NA,0,0,1013.64759471292,1.04567195248464,"0",0,0
"23",2006,561.774425302205,0.579522669639506,2599.93310072201,2.68207327274466,2180.448168,1,0,0,815.388447773452,0.841149167288426,"0",0,0,561.774425302205,0.579522669639506,770.897058235637,0.795252152971593,"2006/12/01",2180.448168,1,NA,NA,NA,NA,NA,NA,NA,0,0,1013.64759471292,1.04567195248464,"0",0,0
"24",2007,0,0,2599.93310072201,2.68207327274466,0,0,0,0,815.388447773452,0.841149167288426,"0",0,0,0,0,770.897058235637,0.795252152971593,"0",0,0,NA,NA,NA,NA,NA,NA,NA,0,0,1013.64759471292,1.04567195248464,"0",0,0
"25",2008,0,0,2599.93310072201,2.68207327274466,0,0,0,0,815.388447773452,0.841149167288426,"0",0,0,0,0,770.897058235637,0.795252152971593,"0",0,0,NA,NA,NA,NA,NA,NA,NA,0,0,1013.64759471292,1.04567195248464,"0",0,0
"26",2009,436.343104667427,0.450128573865972,3036.27620538944,3.13220184661064,798.445478,1,0,0,815.388447773452,0.841149167288426,"0",0,0,436.343104667427,0.450128573865972,1207.24016290306,1.24538072683757,"2009/01/13",798.445478,1,NA,NA,NA,NA,NA,NA,NA,0,0,1013.64759471292,1.04567195248464,"0",0,0
"27",2010,271.525337762303,0.280103688469139,3307.80154315174,3.41230553507978,2273.930634,1,0,0,815.388447773452,0.841149167288426,"0",0,0,271.525337762303,0.280103688469139,1478.76550066537,1.5254844153067,"2010/01/08",2273.930634,1,NA,NA,NA,NA,NA,NA,NA,0,0,1013.64759471292,1.04567195248464,"0",0,0
"28",2011,41.7401912834375,0.0430588969421823,3349.54173443518,3.45536443202196,541.469868,1,41.7401912834375,0.0430588969421823,857.12863905689,0.884208064230609,"2011/12/17",541.469868,1,0,0,1478.76550066537,1.5254844153067,"0",0,0,NA,NA,NA,NA,NA,NA,NA,0,0,1013.64759471292,1.04567195248464,"0",0,0
"29",2012,93.4374003246985,0.0963893855638145,3442.97913475988,3.55175381758577,745.836298,1,93.4374003246985,0.0963893855638145,950.566039381588,0.980597449794423,"2012/08/05",745.836298,1,0,0,1478.76550066537,1.5254844153067,"0",0,0,NA,NA,NA,NA,NA,NA,NA,0,0,1013.64759471292,1.04567195248464,"0",0,0
"30",2013,0,0,3442.97913475988,3.55175381758577,0,0,0,0,950.566039381588,0.980597449794423,"0",0,0,0,0,1478.76550066537,1.5254844153067,"0",0,0,NA,NA,NA,NA,NA,NA,NA,0,0,1013.64759471292,1.04567195248464,"0",0,0
"31",2014,0,0,3442.97913475988,3.55175381758577,0,0,0,0,950.566039381588,0.980597449794423,"0",0,0,0,0,1478.76550066537,1.5254844153067,"0",0,0,NA,NA,NA,NA,NA,NA,NA,0,0,1013.64759471292,1.04567195248464,"0",0,0
"32",2015,0,0,3442.97913475988,3.55175381758577,0,0,0,0,950.566039381588,0.980597449794423,"0",0,0,0,0,1478.76550066537,1.5254844153067,"0",0,0,NA,NA,NA,NA,NA,NA,NA,0,0,1013.64759471292,1.04567195248464,"0",0,0
